{"producer":{"name":"Blender","version":"2.79 (sub 0)","exporter_version":"5.5.0","file":"stickman_with_head.babylon"},
"autoClear":true,"clearColor":[0.0509,0.0509,0.0509],"ambientColor":[0,0,0],"gravity":[0,-9.81,0],
"materials":[{"name":"stickman_with_head.Material","id":"stickman_with_head.Material","ambient":[0.8,0.8,0.8],"diffuse":[0.64,0.64,0.64],"specular":[0.5,0.5,0.5],"emissive":[0,0,0],"specularPower":50,"alpha":1,"backFaceCulling":true,"checkReadyOnlyOnce":false,"maxSimultaneousLights":4}],
"multiMaterials":[],
"skeletons":[{"name":"Armature","id":0,"dimensionsAtRest":[3.5184,9.0739,0.3895],"bones":[
{"name":"Bone.001","index":0,"matrix":[0.9987,-0.0452,0.0234,0,0.0443,0.9983,0.0371,0,0.0251,0.036,-0.999,0,-0.0082,0.319,0.1403,1],"rest":[0.9987,-0.0452,0.0234,0,0.0443,0.9983,0.0371,0,0.0251,0.036,-0.999,0,-0.0082,0.319,0.1403,1],"parentBoneIndex":-1,"length":1.1726
,"animation":{"dataType":3,"framePerSecond":60,"keys":[
{"frame":0,"values":[0.9987,-0.0452,0.0234,0,0.0443,0.9983,0.0371,0,0.0251,0.036,-0.999,0,-0.0082,0.319,0.1403,1]},
{"frame":80,"values":[0.9987,-0.0452,0.0234,0,0.0443,0.9983,0.0371,0,0.0251,0.036,-0.999,0,-0.0082,0.319,0.1403,1]}],"loopBehavior":1,"name":"anim","property":"_matrix"}},
{"name":"Bone.002","index":1,"matrix":[0.9917,0.1263,0.0258,0,-0.1288,0.9794,0.1552,0,-0.0056,-0.1572,0.9875,0,0,1.1726,0,1],"rest":[0.9917,0.1263,0.0258,0,-0.1288,0.9794,0.1552,0,-0.0056,-0.1572,0.9875,0,0,1.1726,0,1],"parentBoneIndex":0,"length":1.2604
,"animation":{"dataType":3,"framePerSecond":60,"keys":[
{"frame":0,"values":[0.9917,0.1263,0.0258,0,-0.1288,0.9794,0.1552,0,-0.0056,-0.1572,0.9875,0,0,1.1726,0,1]},
{"frame":80,"values":[0.9917,0.1263,0.0258,0,-0.1288,0.9794,0.1552,0,-0.0056,-0.1572,0.9875,0,0,1.1726,0,1]}],"loopBehavior":1,"name":"anim","property":"_matrix"}},
{"name":"Bone.003","index":2,"matrix":[0.9907,-0.1171,-0.0695,0,0.1048,0.9817,-0.1593,0,0.0869,0.1505,0.9848,0,0,1.2604,0,1],"rest":[0.9907,-0.1171,-0.0695,0,0.1048,0.9817,-0.1593,0,0.0869,0.1505,0.9848,0,0,1.2604,0,1],"parentBoneIndex":1,"length":1.3129
,"animation":{"dataType":3,"framePerSecond":60,"keys":[
{"frame":0,"values":[0.9907,-0.1171,-0.0695,0,0.1048,0.9817,-0.1593,0,0.0869,0.1505,0.9848,0,0,1.2604,0,1]},
{"frame":80,"values":[0.9907,-0.1171,-0.0695,0,0.1048,0.9817,-0.1593,0,0.0869,0.1505,0.9848,0,0,1.2604,0,1]}],"loopBehavior":1,"name":"anim","property":"_matrix"}},
{"name":"Bone.016","index":3,"matrix":[0.1819,0.7253,-0.664,0,0.9666,-0.2558,-0.0147,0,-0.1805,-0.6392,-0.7476,0,0,1.2604,0,1],"rest":[0.1819,0.7253,-0.664,0,0.9666,-0.2558,-0.0147,0,-0.1805,-0.6392,-0.7476,0,0,1.2604,0,1],"parentBoneIndex":1,"length":1.1058
,"animation":{"dataType":3,"framePerSecond":60,"keys":[
{"frame":0,"values":[0.1819,0.7253,-0.664,0,0.9666,-0.2558,-0.0147,0,-0.1805,-0.6392,-0.7476,0,0,1.2604,0,1]},
{"frame":80,"values":[0.1819,0.7253,-0.664,0,0.9666,-0.2558,-0.0147,0,-0.1805,-0.6392,-0.7476,0,0,1.2604,0,1]}],"loopBehavior":1,"name":"anim","property":"_matrix"}},
{"name":"Bone.038","index":4,"matrix":[-0.6416,-0.4941,-0.5867,0,-0.7655,0.4612,0.4487,0,0.0489,0.737,-0.6741,0,0,1.1058,0,1],"rest":[-0.6416,-0.4941,-0.5867,0,-0.7655,0.4612,0.4487,0,0.0489,0.737,-0.6741,0,0,1.1058,0,1],"parentBoneIndex":3,"length":1.147
,"animation":{"dataType":3,"framePerSecond":60,"keys":[
{"frame":0,"values":[-0.6416,-0.4941,-0.5867,0,-0.7655,0.4612,0.4487,0,0.0489,0.737,-0.6741,0,0,1.1058,0,1]},
{"frame":80,"values":[-0.6416,-0.4941,-0.5867,0,-0.7655,0.4612,0.4487,0,0.0489,0.737,-0.6741,0,0,1.1058,0,1]}],"loopBehavior":1,"name":"anim","property":"_matrix"}},
{"name":"Bone.017","index":5,"matrix":[0.9946,0.0151,0.1023,0,0.0038,0.9833,-0.1818,0,-0.1033,0.1812,0.978,0,0,1.147,0,1],"rest":[0.9946,0.0151,0.1023,0,0.0038,0.9833,-0.1818,0,-0.1033,0.1812,0.978,0,0,1.147,0,1],"parentBoneIndex":4,"length":1.1068
,"animation":{"dataType":3,"framePerSecond":60,"keys":[
{"frame":0,"values":[0.9946,0.0151,0.1023,0,0.0038,0.9833,-0.1818,0,-0.1033,0.1812,0.978,0,0,1.147,0,1]},
{"frame":80,"values":[0.9946,0.0151,0.1023,0,0.0038,0.9833,-0.1818,0,-0.1033,0.1812,0.978,0,0,1.147,0,1]}],"loopBehavior":1,"name":"anim","property":"_matrix"}},
{"name":"Bone.018","index":6,"matrix":[0.9799,-0.0688,0.1875,0,0.0513,0.994,0.0967,0,-0.193,-0.0851,0.9775,0,0,1.1068,0,1],"rest":[0.9799,-0.0688,0.1875,0,0.0513,0.994,0.0967,0,-0.193,-0.0851,0.9775,0,0,1.1068,0,1],"parentBoneIndex":5,"length":1.3441
,"animation":{"dataType":3,"framePerSecond":60,"keys":[
{"frame":0,"values":[0.9799,-0.0688,0.1875,0,0.0513,0.994,0.0967,0,-0.193,-0.0851,0.9775,0,0,1.1068,0,1]},
{"frame":80,"values":[0.9799,-0.0688,0.1875,0,0.0513,0.994,0.0967,0,-0.193,-0.0851,0.9775,0,0,1.1068,0,1]}],"loopBehavior":1,"name":"anim","property":"_matrix"}},
{"name":"Bone.027","index":7,"matrix":[0.0968,-0.2651,-0.9593,0,-0.9892,-0.1326,-0.0632,0,-0.1105,0.9551,-0.2751,0,0,1.2604,0,1],"rest":[0.0968,-0.2651,-0.9593,0,-0.9892,-0.1326,-0.0632,0,-0.1105,0.9551,-0.2751,0,0,1.2604,0,1],"parentBoneIndex":1,"length":1.1145
,"animation":{"dataType":3,"framePerSecond":60,"keys":[
{"frame":0,"values":[0.0968,-0.2651,-0.9593,0,-0.9892,-0.1326,-0.0632,0,-0.1105,0.9551,-0.2751,0,0,1.2604,0,1]},
{"frame":80,"values":[0.0968,-0.2651,-0.9593,0,-0.9892,-0.1326,-0.0632,0,-0.1105,0.9551,-0.2751,0,0,1.2604,0,1]}],"loopBehavior":1,"name":"anim","property":"_matrix"}},
{"name":"Bone.026","index":8,"matrix":[0.7712,0.5784,0.266,0,-0.0033,0.4215,-0.9068,0,-0.6366,0.6984,0.327,0,0,1.1145,0,1],"rest":[0.7712,0.5784,0.266,0,-0.0033,0.4215,-0.9068,0,-0.6366,0.6984,0.327,0,0,1.1145,0,1],"parentBoneIndex":7,"length":0.9215
,"animation":{"dataType":3,"framePerSecond":60,"keys":[
{"frame":0,"values":[0.7712,0.5784,0.266,0,-0.0033,0.4215,-0.9068,0,-0.6366,0.6984,0.327,0,0,1.1145,0,1]},
{"frame":80,"values":[0.7712,0.5784,0.266,0,-0.0033,0.4215,-0.9068,0,-0.6366,0.6984,0.327,0,0,1.1145,0,1]}],"loopBehavior":1,"name":"anim","property":"_matrix"}},
{"name":"Bone.014","index":9,"matrix":[0.8339,0.0907,0.5444,0,-0.0215,0.991,-0.1323,0,-0.5515,0.0986,0.8283,0,0,0.9215,0,1],"rest":[0.8339,0.0907,0.5444,0,-0.0215,0.991,-0.1323,0,-0.5515,0.0986,0.8283,0,0,0.9215,0,1],"parentBoneIndex":8,"length":1.1742
,"animation":{"dataType":3,"framePerSecond":60,"keys":[
{"frame":0,"values":[0.8339,0.0907,0.5444,0,-0.0215,0.991,-0.1323,0,-0.5515,0.0986,0.8283,0,0,0.9215,0,1]},
{"frame":80,"values":[0.8339,0.0907,0.5444,0,-0.0215,0.991,-0.1323,0,-0.5515,0.0986,0.8283,0,0,0.9215,0,1]}],"loopBehavior":1,"name":"anim","property":"_matrix"}},
{"name":"Bone.015","index":10,"matrix":[0.7388,-0.0227,0.6735,0,0.0111,0.9997,0.0216,0,-0.6738,-0.0085,0.7388,0,0,1.1742,0,1],"rest":[0.7388,-0.0227,0.6735,0,0.0111,0.9997,0.0216,0,-0.6738,-0.0085,0.7388,0,0,1.1742,0,1],"parentBoneIndex":9,"length":1.3354
,"animation":{"dataType":3,"framePerSecond":60,"keys":[
{"frame":0,"values":[0.7388,-0.0227,0.6735,0,0.0111,0.9997,0.0216,0,-0.6738,-0.0085,0.7388,0,0,1.1742,0,1]},
{"frame":80,"values":[0.7388,-0.0227,0.6735,0,0.0111,0.9997,0.0216,0,-0.6738,-0.0085,0.7388,0,0,1.1742,0,1]}],"loopBehavior":1,"name":"anim","property":"_matrix"}},
{"name":"Bone","index":11,"matrix":[0.9976,0.0646,0.0263,0,0.0674,-0.9897,-0.1259,0,0.0179,0.1274,-0.9917,0,0,0,0,1],"rest":[0.9976,0.0646,0.0263,0,0.0674,-0.9897,-0.1259,0,0.0179,0.1274,-0.9917,0,0,0,0,1],"parentBoneIndex":0,"length":0.9705
,"animation":{"dataType":3,"framePerSecond":60,"keys":[
{"frame":0,"values":[0.9976,0.0646,0.0263,0,0.0674,-0.9897,-0.1259,0,0.0179,0.1274,-0.9917,0,0,0,0,1]},
{"frame":80,"values":[0.9976,0.0646,0.0263,0,0.0674,-0.9897,-0.1259,0,0.0179,0.1274,-0.9917,0,0,0,0,1]}],"loopBehavior":1,"name":"anim","property":"_matrix"}},
{"name":"Bone.007","index":12,"matrix":[0.5971,-0.6086,-0.5226,0,0.6793,0.7301,-0.0741,0,0.4266,-0.3108,0.8493,0,0,0.9705,0,1],"rest":[0.5971,-0.6086,-0.5226,0,0.6793,0.7301,-0.0741,0,0.4266,-0.3108,0.8493,0,0,0.9705,0,1],"parentBoneIndex":11,"length":1.0234
,"animation":{"dataType":3,"framePerSecond":60,"keys":[
{"frame":0,"values":[0.5971,-0.6086,-0.5226,0,0.6793,0.7301,-0.0741,0,0.4266,-0.3108,0.8493,0,0,0.9705,0,1]},
{"frame":1,"values":[0.5973,-0.6081,-0.5229,0,0.6796,0.73,-0.0727,0,0.4259,-0.312,0.8493,0,0,0.9705,0,1]},
{"frame":2,"values":[0.5979,-0.6067,-0.5239,0,0.6804,0.7297,-0.0685,0,0.4238,-0.3155,0.849,0,0,0.9705,0,1]},
{"frame":3,"values":[0.5988,-0.6043,-0.5255,0,0.6817,0.729,-0.0615,0,0.4203,-0.3214,0.8485,0,0,0.9705,0,1]},
{"frame":4,"values":[0.6002,-0.601,-0.5278,0,0.6835,0.7281,-0.0518,0,0.4154,-0.3297,0.8478,0,0,0.9705,0,1]},
{"frame":5,"values":[0.602,-0.5967,-0.5306,0,0.6857,0.7268,-0.0394,0,0.4091,-0.3401,0.8467,0,0,0.9705,0,1]},
{"frame":6,"values":[0.6042,-0.5916,-0.5338,0,0.6883,0.725,-0.0245,0,0.4016,-0.3526,0.8452,0,0,0.9705,0,1]},
{"frame":7,"values":[0.6067,-0.5857,-0.5375,0,0.691,0.7228,-0.0075,0,0.3929,-0.3668,0.8432,0,0,0.9705,0,1]},
{"frame":8,"values":[0.6096,-0.5791,-0.5413,0,0.6939,0.72,0.0111,0,0.3833,-0.3824,0.8407,0,0,0.9705,0,1]},
{"frame":9,"values":[0.6127,-0.5721,-0.5453,0,0.6968,0.7166,0.031,0,0.3731,-0.3989,0.8377,0,0,0.9705,0,1]},
{"frame":10,"values":[0.6159,-0.5648,-0.5492,0,0.6995,0.7128,0.0515,0,0.3625,-0.4159,0.8341,0,0,0.9705,0,1]},
{"frame":11,"values":[0.6193,-0.5574,-0.553,0,0.7019,0.7086,0.0719,0,0.3518,-0.4327,0.8301,0,0,0.9705,0,1]},
{"frame":12,"values":[0.6226,-0.5502,-0.5565,0,0.7041,0.7042,0.0916,0,0.3415,-0.4489,0.8258,0,0,0.9705,0,1]},
{"frame":13,"values":[0.6258,-0.5434,-0.5596,0,0.706,0.6997,0.1101,0,0.3317,-0.4639,0.8214,0,0,0.9705,0,1]},
{"frame":14,"values":[0.6287,-0.5372,-0.5623,0,0.7075,0.6953,0.1268,0,0.3229,-0.4775,0.8171,0,0,0.9705,0,1]},
{"frame":15,"values":[0.6313,-0.5317,-0.5646,0,0.7086,0.6913,0.1414,0,0.3151,-0.4893,0.8132,0,0,0.9705,0,1]},
{"frame":16,"values":[0.6335,-0.5271,-0.5664,0,0.7095,0.6878,0.1535,0,0.3086,-0.4991,0.8097,0,0,0.9705,0,1]},
{"frame":17,"values":[0.6352,-0.5235,-0.5678,0,0.7102,0.6849,0.163,0,0.3035,-0.5068,0.8069,0,0,0.9705,0,1]},
{"frame":18,"values":[0.6365,-0.5209,-0.5688,0,0.7106,0.6828,0.1698,0,0.2999,-0.5123,0.8048,0,0,0.9705,0,1]},
{"frame":19,"values":[0.6373,-0.5194,-0.5693,0,0.7108,0.6815,0.1739,0,0.2977,-0.5155,0.8035,0,0,0.9705,0,1]},
{"frame":20,"values":[0.6375,-0.5189,-0.5695,0,0.7109,0.6811,0.1752,0,0.297,-0.5166,0.8031,0,0,0.9705,0,1]},
{"frame":21,"values":[0.6373,-0.5191,-0.5695,0,0.7109,0.6813,0.1745,0,0.2974,-0.516,0.8033,0,0,0.9705,0,1]},
{"frame":22,"values":[0.6368,-0.52,-0.5693,0,0.7108,0.682,0.1721,0,0.2988,-0.5143,0.8039,0,0,0.9705,0,1]},
{"frame":23,"values":[0.6358,-0.5215,-0.569,0,0.7107,0.6831,0.1681,0,0.301,-0.5113,0.805,0,0,0.9705,0,1]},
{"frame":24,"values":[0.6345,-0.5236,-0.5685,0,0.7105,0.6847,0.1624,0,0.3043,-0.507,0.8065,0,0,0.9705,0,1]},
{"frame":25,"values":[0.6328,-0.5264,-0.5679,0,0.7102,0.6868,0.1548,0,0.3085,-0.5013,0.8084,0,0,0.9705,0,1]},
{"frame":26,"values":[0.6308,-0.5298,-0.567,0,0.7097,0.6893,0.1456,0,0.3137,-0.4942,0.8108,0,0,0.9705,0,1]},
{"frame":27,"values":[0.6284,-0.5338,-0.5658,0,0.7091,0.6921,0.1346,0,0.3198,-0.4858,0.8135,0,0,0.9705,0,1]},
{"frame":28,"values":[0.6258,-0.5385,-0.5643,0,0.7083,0.6953,0.122,0,0.3267,-0.476,0.8165,0,0,0.9705,0,1]},
{"frame":29,"values":[0.6229,-0.5436,-0.5625,0,0.7072,0.6987,0.1079,0,0.3344,-0.465,0.8197,0,0,0.9705,0,1]},
{"frame":30,"values":[0.6199,-0.5492,-0.5604,0,0.7058,0.7023,0.0925,0,0.3427,-0.4529,0.8231,0,0,0.9705,0,1]},
{"frame":31,"values":[0.6169,-0.5552,-0.5578,0,0.7042,0.7059,0.0762,0,0.3515,-0.4398,0.8264,0,0,0.9705,0,1]},
{"frame":32,"values":[0.6139,-0.5614,-0.555,0,0.7023,0.7095,0.0591,0,0.3606,-0.426,0.8298,0,0,0.9705,0,1]},
{"frame":33,"values":[0.6109,-0.5678,-0.5517,0,0.7,0.7129,0.0415,0,0.3698,-0.4116,0.833,0,0,0.9705,0,1]},
{"frame":34,"values":[0.6082,-0.5741,-0.5482,0,0.6975,0.7161,0.0238,0,0.3789,-0.3969,0.836,0,0,0.9705,0,1]},
{"frame":35,"values":[0.6056,-0.5804,-0.5444,0,0.6948,0.7191,0.0062,0,0.3879,-0.382,0.8388,0,0,0.9705,0,1]},
{"frame":36,"values":[0.6033,-0.5866,-0.5403,0,0.6919,0.7219,-0.0111,0,0.3965,-0.3672,0.8414,0,0,0.9705,0,1]},
{"frame":37,"values":[0.6013,-0.5925,-0.5361,0,0.6889,0.7243,-0.0279,0,0.4048,-0.3525,0.8437,0,0,0.9705,0,1]},
{"frame":38,"values":[0.5996,-0.5982,-0.5317,0,0.6857,0.7265,-0.044,0,0.4126,-0.3382,0.8458,0,0,0.9705,0,1]},
{"frame":39,"values":[0.5982,-0.6035,-0.5272,0,0.6825,0.7284,-0.0594,0,0.4199,-0.3243,0.8477,0,0,0.9705,0,1]},
{"frame":40,"values":[0.5971,-0.6086,-0.5226,0,0.6793,0.7301,-0.0741,0,0.4266,-0.3108,0.8493,0,0,0.9705,0,1]},
{"frame":41,"values":[0.5962,-0.6137,-0.5176,0,0.6758,0.7317,-0.0891,0,0.4334,-0.2967,0.851,0,0,0.9705,0,1]},
{"frame":42,"values":[0.5955,-0.6192,-0.5118,0,0.6717,0.7333,-0.1056,0,0.4406,-0.2809,0.8526,0,0,0.9705,0,1]},
{"frame":43,"values":[0.595,-0.6252,-0.505,0,0.667,0.7347,-0.1236,0,0.4484,-0.2633,0.8542,0,0,0.9705,0,1]},
{"frame":44,"values":[0.5947,-0.6315,-0.4975,0,0.6618,0.7359,-0.1431,0,0.4565,-0.2441,0.8556,0,0,0.9705,0,1]},
{"frame":45,"values":[0.5947,-0.638,-0.4892,0,0.6559,0.7369,-0.1637,0,0.4649,-0.2235,0.8567,0,0,0.9705,0,1]},
{"frame":46,"values":[0.5948,-0.6447,-0.4801,0,0.6496,0.7374,-0.1853,0,0.4735,-0.2017,0.8574,0,0,0.9705,0,1]},
{"frame":47,"values":[0.5953,-0.6513,-0.4705,0,0.6428,0.7374,-0.2075,0,0.4821,-0.1789,0.8576,0,0,0.9705,0,1]},
{"frame":48,"values":[0.596,-0.6579,-0.4605,0,0.6357,0.7369,-0.2301,0,0.4907,-0.1556,0.8573,0,0,0.9705,0,1]},
{"frame":49,"values":[0.5969,-0.6641,-0.4502,0,0.6283,0.7359,-0.2524,0,0.4989,-0.1322,0.8565,0,0,0.9705,0,1]},
{"frame":50,"values":[0.598,-0.6699,-0.44,0,0.621,0.7343,-0.2742,0,0.5068,-0.1093,0.8551,0,0,0.9705,0,1]},
{"frame":51,"values":[0.5992,-0.6753,-0.43,0,0.6138,0.7324,-0.2949,0,0.5141,-0.0873,0.8533,0,0,0.9705,0,1]},
{"frame":52,"values":[0.6005,-0.6801,-0.4206,0,0.6069,0.7301,-0.3141,0,0.5206,-0.0666,0.8512,0,0,0.9705,0,1]},
{"frame":53,"values":[0.6018,-0.6842,-0.4118,0,0.6005,0.7277,-0.3314,0,0.5265,-0.0479,0.8488,0,0,0.9705,0,1]},
{"frame":54,"values":[0.6031,-0.6878,-0.4041,0,0.5948,0.7253,-0.3467,0,0.5315,-0.0313,0.8465,0,0,0.9705,0,1]},
{"frame":55,"values":[0.6043,-0.6907,-0.3973,0,0.5899,0.723,-0.3596,0,0.5357,-0.0171,0.8443,0,0,0.9705,0,1]},
{"frame":56,"values":[0.6053,-0.6929,-0.3918,0,0.5858,0.721,-0.3702,0,0.539,-0.0054,0.8423,0,0,0.9705,0,1]},
{"frame":57,"values":[0.6061,-0.6947,-0.3875,0,0.5826,0.7193,-0.3783,0,0.5415,0.0036,0.8407,0,0,0.9705,0,1]},
{"frame":58,"values":[0.6066,-0.6958,-0.3844,0,0.5803,0.7181,-0.3841,0,0.5433,0.0099,0.8395,0,0,0.9705,0,1]},
{"frame":59,"values":[0.607,-0.6965,-0.3826,0,0.579,0.7174,-0.3874,0,0.5443,0.0136,0.8388,0,0,0.9705,0,1]},
{"frame":60,"values":[0.6071,-0.6968,-0.382,0,0.5786,0.7171,-0.3885,0,0.5447,0.0149,0.8385,0,0,0.9705,0,1]},
{"frame":61,"values":[0.607,-0.6964,-0.3828,0,0.5792,0.7175,-0.3869,0,0.5441,0.0131,0.8389,0,0,0.9705,0,1]},
{"frame":62,"values":[0.6066,-0.6953,-0.3854,0,0.5812,0.7186,-0.3818,0,0.5425,0.0077,0.84,0,0,0.9705,0,1]},
{"frame":63,"values":[0.606,-0.6935,-0.3896,0,0.5844,0.7204,-0.3734,0,0.5396,-0.0014,0.8419,0,0,0.9705,0,1]},
{"frame":64,"values":[0.6052,-0.6909,-0.3955,0,0.5889,0.7228,-0.3616,0,0.5357,-0.0141,0.8443,0,0,0.9705,0,1]},
{"frame":65,"values":[0.6042,-0.6875,-0.4029,0,0.5945,0.7256,-0.3465,0,0.5305,-0.0302,0.8471,0,0,0.9705,0,1]},
{"frame":66,"values":[0.6031,-0.6832,-0.4117,0,0.6012,0.7286,-0.3283,0,0.5242,-0.0495,0.8501,0,0,0.9705,0,1]},
{"frame":67,"values":[0.602,-0.6781,-0.4217,0,0.6087,0.7315,-0.3073,0,0.5169,-0.0717,0.8531,0,0,0.9705,0,1]},
{"frame":68,"values":[0.6008,-0.6722,-0.4326,0,0.6168,0.7341,-0.2841,0,0.5085,-0.0961,0.8557,0,0,0.9705,0,1]},
{"frame":69,"values":[0.5998,-0.6656,-0.4441,0,0.6251,0.7362,-0.2592,0,0.4995,-0.1222,0.8577,0,0,0.9705,0,1]},
{"frame":70,"values":[0.5989,-0.6585,-0.4557,0,0.6335,0.7377,-0.2334,0,0.4899,-0.149,0.859,0,0,0.9705,0,1]},
{"frame":71,"values":[0.5981,-0.6511,-0.4672,0,0.6417,0.7384,-0.2074,0,0.48,-0.1757,0.8595,0,0,0.9705,0,1]},
{"frame":72,"values":[0.5976,-0.6436,-0.4782,0,0.6494,0.7383,-0.1822,0,0.4703,-0.2016,0.8592,0,0,0.9705,0,1]},
{"frame":73,"values":[0.5972,-0.6363,-0.4883,0,0.6563,0.7376,-0.1585,0,0.461,-0.2258,0.8582,0,0,0.9705,0,1]},
{"frame":74,"values":[0.597,-0.6295,-0.4973,0,0.6625,0.7364,-0.1369,0,0.4524,-0.2477,0.8567,0,0,0.9705,0,1]},
{"frame":75,"values":[0.5969,-0.6234,-0.505,0,0.6677,0.735,-0.1181,0,0.4448,-0.2667,0.855,0,0,0.9705,0,1]},
{"frame":76,"values":[0.5969,-0.6182,-0.5114,0,0.6719,0.7335,-0.1023,0,0.4384,-0.2825,0.8532,0,0,0.9705,0,1]},
{"frame":77,"values":[0.597,-0.614,-0.5163,0,0.6752,0.7321,-0.09,0,0.4333,-0.2949,0.8517,0,0,0.9705,0,1]},
{"frame":78,"values":[0.597,-0.611,-0.5198,0,0.6775,0.731,-0.0811,0,0.4296,-0.3038,0.8504,0,0,0.9705,0,1]},
{"frame":79,"values":[0.5971,-0.6092,-0.5219,0,0.6789,0.7303,-0.0758,0,0.4274,-0.309,0.8496,0,0,0.9705,0,1]},
{"frame":80,"values":[0.5971,-0.6086,-0.5226,0,0.6793,0.7301,-0.0741,0,0.4266,-0.3108,0.8493,0,0,0.9705,0,1]}],"loopBehavior":1,"name":"anim","property":"_matrix"}},
{"name":"Bone.004","index":13,"matrix":[0.9105,0.3568,-0.2092,0,-0.4136,0.7941,-0.4454,0,0.0071,0.492,0.8705,0,0,1.0234,0,1],"rest":[0.9104,0.3568,-0.2092,0,-0.4136,0.7941,-0.4454,0,0.0071,0.492,0.8705,0,0,1.0234,0,1],"parentBoneIndex":12,"length":1.1371
,"animation":{"dataType":3,"framePerSecond":60,"keys":[
{"frame":0,"values":[0.9105,0.3568,-0.2092,0,-0.4136,0.7941,-0.4454,0,0.0071,0.492,0.8705,0,0,1.0234,0,1]},
{"frame":2,"values":[0.9104,0.3568,-0.2092,0,-0.4136,0.7941,-0.4454,0,0.0071,0.492,0.8705,0,0,1.0234,0,1]},
{"frame":3,"values":[0.9105,0.3568,-0.2092,0,-0.4136,0.7941,-0.4454,0,0.0071,0.492,0.8705,0,0,1.0234,0,1]},
{"frame":4,"values":[0.9104,0.3568,-0.2092,0,-0.4136,0.7941,-0.4454,0,0.0071,0.492,0.8705,0,0,1.0234,0,1]},
{"frame":5,"values":[0.9105,0.3568,-0.2092,0,-0.4136,0.7941,-0.4454,0,0.0071,0.492,0.8705,0,0,1.0234,0,1]},
{"frame":13,"values":[0.9104,0.3568,-0.2092,0,-0.4136,0.7941,-0.4454,0,0.0071,0.492,0.8705,0,0,1.0234,0,1]},
{"frame":14,"values":[0.9105,0.3568,-0.2092,0,-0.4136,0.7941,-0.4454,0,0.0071,0.492,0.8705,0,0,1.0234,0,1]},
{"frame":17,"values":[0.9104,0.3568,-0.2092,0,-0.4136,0.7941,-0.4454,0,0.0071,0.492,0.8705,0,0,1.0234,0,1]},
{"frame":18,"values":[0.9105,0.3568,-0.2092,0,-0.4136,0.7941,-0.4454,0,0.0071,0.492,0.8705,0,0,1.0234,0,1]},
{"frame":20,"values":[0.9104,0.3568,-0.2092,0,-0.4136,0.7941,-0.4454,0,0.0071,0.492,0.8705,0,0,1.0234,0,1]},
{"frame":21,"values":[0.9105,0.3568,-0.2092,0,-0.4136,0.7941,-0.4454,0,0.0071,0.492,0.8705,0,0,1.0234,0,1]},
{"frame":22,"values":[0.9104,0.3568,-0.2092,0,-0.4136,0.7941,-0.4454,0,0.0071,0.492,0.8705,0,0,1.0234,0,1]},
{"frame":24,"values":[0.9105,0.3568,-0.2092,0,-0.4136,0.7941,-0.4454,0,0.0071,0.492,0.8705,0,0,1.0234,0,1]},
{"frame":26,"values":[0.9104,0.3568,-0.2092,0,-0.4136,0.7941,-0.4454,0,0.0071,0.492,0.8705,0,0,1.0234,0,1]},
{"frame":27,"values":[0.9105,0.3568,-0.2092,0,-0.4136,0.7941,-0.4454,0,0.0071,0.492,0.8705,0,0,1.0234,0,1]},
{"frame":31,"values":[0.9104,0.3568,-0.2092,0,-0.4136,0.7941,-0.4454,0,0.0071,0.492,0.8705,0,0,1.0234,0,1]},
{"frame":32,"values":[0.9105,0.3568,-0.2092,0,-0.4136,0.7941,-0.4454,0,0.0071,0.492,0.8705,0,0,1.0234,0,1]},
{"frame":34,"values":[0.9104,0.3568,-0.2092,0,-0.4136,0.7941,-0.4454,0,0.0071,0.492,0.8705,0,0,1.0234,0,1]},
{"frame":35,"values":[0.9105,0.3568,-0.2092,0,-0.4136,0.7941,-0.4454,0,0.0071,0.492,0.8705,0,0,1.0234,0,1]},
{"frame":41,"values":[0.9107,0.3564,-0.2089,0,-0.4131,0.7941,-0.4458,0,0.007,0.4923,0.8704,0,0,1.0234,0,1]},
{"frame":42,"values":[0.9113,0.3552,-0.2081,0,-0.4116,0.7942,-0.4471,0,0.0065,0.4931,0.8699,0,0,1.0234,0,1]},
{"frame":43,"values":[0.9125,0.353,-0.2068,0,-0.4091,0.7943,-0.4492,0,0.0056,0.4945,0.8692,0,0,1.0234,0,1]},
{"frame":44,"values":[0.914,0.3501,-0.2049,0,-0.4056,0.7944,-0.4521,0,0.0045,0.4964,0.8681,0,0,1.0234,0,1]},
{"frame":45,"values":[0.916,0.3463,-0.2025,0,-0.4012,0.7945,-0.4558,0,0.003,0.4988,0.8667,0,0,1.0234,0,1]},
{"frame":46,"values":[0.9183,0.3419,-0.1996,0,-0.3959,0.7946,-0.4603,0,0.0013,0.5017,0.8651,0,0,1.0234,0,1]},
{"frame":47,"values":[0.9209,0.3367,-0.1963,0,-0.3898,0.7947,-0.4653,0,-0.0007,0.505,0.8631,0,0,1.0234,0,1]},
{"frame":48,"values":[0.9237,0.3311,-0.1925,0,-0.383,0.7948,-0.4708,0,-0.0028,0.5086,0.861,0,0,1.0234,0,1]},
{"frame":49,"values":[0.9267,0.3251,-0.1885,0,-0.3758,0.7948,-0.4766,0,-0.0051,0.5125,0.8587,0,0,1.0234,0,1]},
{"frame":50,"values":[0.9297,0.3189,-0.1844,0,-0.3683,0.7947,-0.4825,0,-0.0074,0.5165,0.8563,0,0,1.0234,0,1]},
{"frame":51,"values":[0.9326,0.3127,-0.1802,0,-0.3608,0.7945,-0.4884,0,-0.0096,0.5205,0.8538,0,0,1.0234,0,1]},
{"frame":52,"values":[0.9354,0.3067,-0.176,0,-0.3535,0.7943,-0.4941,0,-0.0117,0.5244,0.8514,0,0,1.0234,0,1]},
{"frame":53,"values":[0.9379,0.3011,-0.1721,0,-0.3465,0.7941,-0.4994,0,-0.0137,0.528,0.8491,0,0,1.0234,0,1]},
{"frame":54,"values":[0.9402,0.296,-0.1685,0,-0.3402,0.7938,-0.5041,0,-0.0154,0.5313,0.847,0,0,1.0234,0,1]},
{"frame":55,"values":[0.9422,0.2915,-0.1654,0,-0.3347,0.7935,-0.5083,0,-0.017,0.5342,0.8452,0,0,1.0234,0,1]},
{"frame":56,"values":[0.9438,0.2878,-0.1627,0,-0.3301,0.7932,-0.5117,0,-0.0182,0.5367,0.8436,0,0,1.0234,0,1]},
{"frame":57,"values":[0.945,0.2848,-0.1606,0,-0.3264,0.793,-0.5144,0,-0.0192,0.5386,0.8424,0,0,1.0234,0,1]},
{"frame":58,"values":[0.9459,0.2827,-0.1591,0,-0.3238,0.7928,-0.5163,0,-0.0199,0.5399,0.8415,0,0,1.0234,0,1]},
{"frame":59,"values":[0.9464,0.2815,-0.1581,0,-0.3222,0.7927,-0.5175,0,-0.0203,0.5407,0.8409,0,0,1.0234,0,1]},
{"frame":60,"values":[0.9466,0.2811,-0.1578,0,-0.3217,0.7927,-0.5179,0,-0.0204,0.541,0.8408,0,0,1.0234,0,1]},
{"frame":61,"values":[0.9464,0.2815,-0.1581,0,-0.3222,0.7927,-0.5175,0,-0.0203,0.5407,0.8409,0,0,1.0234,0,1]},
{"frame":62,"values":[0.9459,0.2827,-0.1591,0,-0.3238,0.7928,-0.5163,0,-0.0199,0.5399,0.8415,0,0,1.0234,0,1]},
{"frame":63,"values":[0.945,0.2848,-0.1606,0,-0.3264,0.793,-0.5144,0,-0.0192,0.5386,0.8424,0,0,1.0234,0,1]},
{"frame":64,"values":[0.9438,0.2878,-0.1627,0,-0.3301,0.7932,-0.5117,0,-0.0182,0.5367,0.8436,0,0,1.0234,0,1]},
{"frame":65,"values":[0.9422,0.2915,-0.1654,0,-0.3347,0.7935,-0.5083,0,-0.017,0.5342,0.8452,0,0,1.0234,0,1]},
{"frame":66,"values":[0.9402,0.296,-0.1685,0,-0.3402,0.7938,-0.5041,0,-0.0154,0.5313,0.847,0,0,1.0234,0,1]},
{"frame":67,"values":[0.9379,0.3011,-0.1721,0,-0.3465,0.7941,-0.4994,0,-0.0137,0.528,0.8491,0,0,1.0234,0,1]},
{"frame":68,"values":[0.9354,0.3067,-0.176,0,-0.3535,0.7943,-0.4941,0,-0.0117,0.5244,0.8514,0,0,1.0234,0,1]},
{"frame":69,"values":[0.9326,0.3127,-0.1802,0,-0.3608,0.7945,-0.4884,0,-0.0096,0.5205,0.8538,0,0,1.0234,0,1]},
{"frame":70,"values":[0.9297,0.3189,-0.1844,0,-0.3683,0.7947,-0.4825,0,-0.0074,0.5165,0.8563,0,0,1.0234,0,1]},
{"frame":71,"values":[0.9267,0.3251,-0.1885,0,-0.3758,0.7948,-0.4766,0,-0.0051,0.5125,0.8587,0,0,1.0234,0,1]},
{"frame":72,"values":[0.9237,0.3311,-0.1925,0,-0.383,0.7948,-0.4708,0,-0.0028,0.5086,0.861,0,0,1.0234,0,1]},
{"frame":73,"values":[0.9209,0.3367,-0.1963,0,-0.3898,0.7947,-0.4653,0,-0.0007,0.505,0.8631,0,0,1.0234,0,1]},
{"frame":74,"values":[0.9183,0.3419,-0.1996,0,-0.3959,0.7946,-0.4603,0,0.0013,0.5017,0.8651,0,0,1.0234,0,1]},
{"frame":75,"values":[0.916,0.3463,-0.2025,0,-0.4012,0.7945,-0.4558,0,0.003,0.4988,0.8667,0,0,1.0234,0,1]},
{"frame":76,"values":[0.914,0.3501,-0.2049,0,-0.4056,0.7944,-0.4521,0,0.0045,0.4964,0.8681,0,0,1.0234,0,1]},
{"frame":77,"values":[0.9125,0.353,-0.2068,0,-0.4091,0.7943,-0.4492,0,0.0056,0.4945,0.8692,0,0,1.0234,0,1]},
{"frame":78,"values":[0.9113,0.3552,-0.2081,0,-0.4116,0.7942,-0.4471,0,0.0065,0.4931,0.8699,0,0,1.0234,0,1]},
{"frame":79,"values":[0.9107,0.3564,-0.2089,0,-0.4131,0.7941,-0.4458,0,0.007,0.4923,0.8704,0,0,1.0234,0,1]},
{"frame":80,"values":[0.9105,0.3568,-0.2092,0,-0.4136,0.7941,-0.4454,0,0.0071,0.492,0.8705,0,0,1.0234,0,1]}],"loopBehavior":1,"name":"anim","property":"_matrix"}},
{"name":"Bone.005","index":14,"matrix":[0.9366,0.0478,0.3472,0,-0.0327,0.9982,-0.0493,0,-0.349,0.0348,0.9365,0,0,1.1371,0,1],"rest":[0.9366,0.0478,0.3472,0,-0.0327,0.9982,-0.0493,0,-0.349,0.0348,0.9365,0,0,1.1371,0,1],"parentBoneIndex":13,"length":0.8728
,"animation":{"dataType":3,"framePerSecond":60,"keys":[
{"frame":0,"values":[0.9366,0.0478,0.3472,0,-0.0327,0.9982,-0.0493,0,-0.349,0.0348,0.9365,0,0,1.1371,0,1]},
{"frame":41,"values":[0.9364,0.048,0.3476,0,-0.0334,0.9983,-0.0479,0,-0.3493,0.0333,0.9364,0,0,1.1371,0,1]},
{"frame":42,"values":[0.936,0.0484,0.3486,0,-0.0352,0.9984,-0.044,0,-0.3502,0.0289,0.9362,0,0,1.1371,0,1]},
{"frame":43,"values":[0.9353,0.0491,0.3503,0,-0.0384,0.9986,-0.0373,0,-0.3517,0.0214,0.9359,0,0,1.1371,0,1]},
{"frame":44,"values":[0.9344,0.05,0.3528,0,-0.0428,0.9987,-0.028,0,-0.3537,0.0111,0.9353,0,0,1.1371,0,1]},
{"frame":45,"values":[0.9331,0.0511,0.3559,0,-0.0485,0.9987,-0.0162,0,-0.3562,-0.0021,0.9344,0,0,1.1371,0,1]},
{"frame":46,"values":[0.9316,0.0524,0.3596,0,-0.0553,0.9985,-0.0021,0,-0.3592,-0.0179,0.9331,0,0,1.1371,0,1]},
{"frame":47,"values":[0.9299,0.0538,0.3639,0,-0.0632,0.9979,0.014,0,-0.3624,-0.036,0.9313,0,0,1.1371,0,1]},
{"frame":48,"values":[0.9279,0.0552,0.3686,0,-0.0719,0.9969,0.0317,0,-0.3657,-0.0559,0.929,0,0,1.1371,0,1]},
{"frame":49,"values":[0.9258,0.0567,0.3737,0,-0.0813,0.9954,0.0504,0,-0.3691,-0.0771,0.9262,0,0,1.1371,0,1]},
{"frame":50,"values":[0.9236,0.058,0.3789,0,-0.091,0.9934,0.0697,0,-0.3724,-0.0989,0.9228,0,0,1.1371,0,1]},
{"frame":51,"values":[0.9214,0.0592,0.3842,0,-0.1008,0.9909,0.0889,0,-0.3754,-0.1206,0.919,0,0,1.1371,0,1]},
{"frame":52,"values":[0.9192,0.0603,0.3893,0,-0.1103,0.9881,0.1074,0,-0.3781,-0.1417,0.9148,0,0,1.1371,0,1]},
{"frame":53,"values":[0.917,0.0612,0.3941,0,-0.1193,0.985,0.1247,0,-0.3805,-0.1614,0.9106,0,0,1.1371,0,1]},
{"frame":54,"values":[0.9151,0.0619,0.3984,0,-0.1275,0.9819,0.1404,0,-0.3825,-0.1793,0.9064,0,0,1.1371,0,1]},
{"frame":55,"values":[0.9134,0.0625,0.4022,0,-0.1348,0.9788,0.1539,0,-0.3841,-0.1948,0.9025,0,0,1.1371,0,1]},
{"frame":56,"values":[0.912,0.0629,0.4054,0,-0.1408,0.9762,0.1653,0,-0.3854,-0.2078,0.8991,0,0,1.1371,0,1]},
{"frame":57,"values":[0.9108,0.0632,0.4079,0,-0.1455,0.9739,0.1741,0,-0.3863,-0.2179,0.8963,0,0,1.1371,0,1]},
{"frame":58,"values":[0.91,0.0634,0.4097,0,-0.149,0.9722,0.1804,0,-0.3869,-0.2252,0.8942,0,0,1.1371,0,1]},
{"frame":59,"values":[0.9095,0.0635,0.4108,0,-0.151,0.9712,0.1842,0,-0.3873,-0.2296,0.8929,0,0,1.1371,0,1]},
{"frame":60,"values":[0.9093,0.0635,0.4112,0,-0.1517,0.9709,0.1854,0,-0.3874,-0.231,0.8925,0,0,1.1371,0,1]},
{"frame":61,"values":[0.9095,0.0635,0.4108,0,-0.151,0.9712,0.1842,0,-0.3873,-0.2296,0.8929,0,0,1.1371,0,1]},
{"frame":62,"values":[0.91,0.0634,0.4097,0,-0.149,0.9722,0.1804,0,-0.3869,-0.2252,0.8942,0,0,1.1371,0,1]},
{"frame":63,"values":[0.9108,0.0632,0.4079,0,-0.1455,0.9739,0.1741,0,-0.3863,-0.2179,0.8963,0,0,1.1371,0,1]},
{"frame":64,"values":[0.912,0.0629,0.4054,0,-0.1408,0.9762,0.1653,0,-0.3854,-0.2078,0.8991,0,0,1.1371,0,1]},
{"frame":65,"values":[0.9134,0.0625,0.4022,0,-0.1348,0.9788,0.1539,0,-0.3841,-0.1948,0.9025,0,0,1.1371,0,1]},
{"frame":66,"values":[0.9151,0.0619,0.3984,0,-0.1275,0.9819,0.1404,0,-0.3825,-0.1793,0.9064,0,0,1.1371,0,1]},
{"frame":67,"values":[0.917,0.0612,0.3941,0,-0.1193,0.985,0.1247,0,-0.3805,-0.1614,0.9106,0,0,1.1371,0,1]},
{"frame":68,"values":[0.9192,0.0603,0.3893,0,-0.1103,0.9881,0.1074,0,-0.3781,-0.1417,0.9148,0,0,1.1371,0,1]},
{"frame":69,"values":[0.9214,0.0592,0.3842,0,-0.1008,0.9909,0.0889,0,-0.3754,-0.1206,0.919,0,0,1.1371,0,1]},
{"frame":70,"values":[0.9236,0.058,0.3789,0,-0.091,0.9934,0.0697,0,-0.3724,-0.0989,0.9228,0,0,1.1371,0,1]},
{"frame":71,"values":[0.9258,0.0567,0.3737,0,-0.0813,0.9954,0.0504,0,-0.3691,-0.0771,0.9262,0,0,1.1371,0,1]},
{"frame":72,"values":[0.9279,0.0552,0.3686,0,-0.0719,0.9969,0.0317,0,-0.3657,-0.0559,0.929,0,0,1.1371,0,1]},
{"frame":73,"values":[0.9299,0.0538,0.3639,0,-0.0632,0.9979,0.014,0,-0.3624,-0.036,0.9313,0,0,1.1371,0,1]},
{"frame":74,"values":[0.9316,0.0524,0.3596,0,-0.0553,0.9985,-0.0021,0,-0.3592,-0.0179,0.9331,0,0,1.1371,0,1]},
{"frame":75,"values":[0.9331,0.0511,0.3559,0,-0.0485,0.9987,-0.0162,0,-0.3562,-0.0021,0.9344,0,0,1.1371,0,1]},
{"frame":76,"values":[0.9344,0.05,0.3528,0,-0.0428,0.9987,-0.028,0,-0.3537,0.0111,0.9353,0,0,1.1371,0,1]},
{"frame":77,"values":[0.9353,0.0491,0.3503,0,-0.0384,0.9986,-0.0373,0,-0.3517,0.0214,0.9359,0,0,1.1371,0,1]},
{"frame":78,"values":[0.936,0.0484,0.3486,0,-0.0352,0.9984,-0.044,0,-0.3502,0.0289,0.9362,0,0,1.1371,0,1]},
{"frame":79,"values":[0.9364,0.048,0.3476,0,-0.0334,0.9983,-0.048,0,-0.3493,0.0333,0.9364,0,0,1.1371,0,1]},
{"frame":80,"values":[0.9366,0.0478,0.3472,0,-0.0327,0.9982,-0.0493,0,-0.349,0.0348,0.9365,0,0,1.1371,0,1]}],"loopBehavior":1,"name":"anim","property":"_matrix"}},
{"name":"Bone.006","index":15,"matrix":[-0.9289,-0.1305,0.3467,0,-0.1117,0.991,0.0737,0,-0.3532,0.0297,-0.9351,0,0,0.8728,0,1],"rest":[-0.9289,-0.1305,0.3467,0,-0.1117,0.991,0.0737,0,-0.3532,0.0297,-0.9351,0,0,0.8728,0,1],"parentBoneIndex":14,"length":1.6184
,"animation":{"dataType":3,"framePerSecond":60,"keys":[
{"frame":0,"values":[-0.9289,-0.1305,0.3467,0,-0.1117,0.991,0.0737,0,-0.3532,0.0297,-0.9351,0,0,0.8728,0,1]},
{"frame":80,"values":[-0.9289,-0.1305,0.3467,0,-0.1117,0.991,0.0737,0,-0.3532,0.0297,-0.9351,0,0,0.8728,0,1]}],"loopBehavior":1,"name":"anim","property":"_matrix"}},
{"name":"Bone.025","index":16,"matrix":[0.5363,0.6313,0.5602,0,-0.6415,0.7362,-0.2156,0,-0.5485,-0.2437,0.7998,0,0,0.9705,0,1],"rest":[0.5363,0.6313,0.5602,0,-0.6415,0.7362,-0.2156,0,-0.5485,-0.2437,0.7998,0,0,0.9705,0,1],"parentBoneIndex":11,"length":1.0443
,"animation":{"dataType":3,"framePerSecond":60,"keys":[
{"frame":0,"values":[0.5363,0.6313,0.5602,0,-0.6415,0.7362,-0.2156,0,-0.5485,-0.2437,0.7998,0,0,0.9705,0,1]},
{"frame":1,"values":[0.5364,0.6322,0.5592,0,-0.641,0.7361,-0.2174,0,-0.549,-0.2418,0.8001,0,0,0.9705,0,1]},
{"frame":2,"values":[0.5364,0.6348,0.5561,0,-0.6396,0.7357,-0.2228,0,-0.5506,-0.2362,0.8007,0,0,0.9705,0,1]},
{"frame":3,"values":[0.5365,0.6392,0.5509,0,-0.6374,0.7349,-0.2319,0,-0.5531,-0.2267,0.8017,0,0,0.9705,0,1]},
{"frame":4,"values":[0.5368,0.6452,0.5437,0,-0.6341,0.7336,-0.2445,0,-0.5566,-0.2135,0.8029,0,0,0.9705,0,1]},
{"frame":5,"values":[0.5371,0.6527,0.5343,0,-0.6299,0.7316,-0.2606,0,-0.561,-0.1966,0.8041,0,0,0.9705,0,1]},
{"frame":6,"values":[0.5376,0.6615,0.5228,0,-0.6248,0.7289,-0.2797,0,-0.5662,-0.1763,0.8052,0,0,0.9705,0,1]},
{"frame":7,"values":[0.5383,0.6712,0.5096,0,-0.6189,0.7253,-0.3016,0,-0.572,-0.153,0.8059,0,0,0.9705,0,1]},
{"frame":8,"values":[0.5393,0.6816,0.4946,0,-0.6122,0.7206,-0.3254,0,-0.5782,-0.1273,0.8059,0,0,0.9705,0,1]},
{"frame":9,"values":[0.5404,0.6921,0.4784,0,-0.605,0.7148,-0.3507,0,-0.5847,-0.0999,0.8051,0,0,0.9705,0,1]},
{"frame":10,"values":[0.5418,0.7025,0.4614,0,-0.5974,0.7081,-0.3765,0,-0.5912,-0.0716,0.8033,0,0,0.9705,0,1]},
{"frame":11,"values":[0.5434,0.7123,0.4441,0,-0.5897,0.7005,-0.402,0,-0.5975,-0.0434,0.8007,0,0,0.9705,0,1]},
{"frame":12,"values":[0.5452,0.7214,0.4271,0,-0.582,0.6924,-0.4265,0,-0.6033,-0.016,0.7973,0,0,0.9705,0,1]},
{"frame":13,"values":[0.547,0.7294,0.4108,0,-0.5747,0.684,-0.4492,0,-0.6087,0.0096,0.7934,0,0,0.9705,0,1]},
{"frame":14,"values":[0.5488,0.7363,0.396,0,-0.5681,0.6759,-0.4695,0,-0.6133,0.0327,0.7892,0,0,0.9705,0,1]},
{"frame":15,"values":[0.5504,0.742,0.3828,0,-0.5622,0.6684,-0.4871,0,-0.6173,0.0529,0.785,0,0,0.9705,0,1]},
{"frame":16,"values":[0.5519,0.7465,0.3718,0,-0.5572,0.6618,-0.5016,0,-0.6205,0.0697,0.7811,0,0,0.9705,0,1]},
{"frame":17,"values":[0.5531,0.7499,0.363,0,-0.5533,0.6564,-0.5129,0,-0.6229,0.0828,0.7779,0,0,0.9705,0,1]},
{"frame":18,"values":[0.5539,0.7523,0.3568,0,-0.5505,0.6524,-0.5209,0,-0.6246,0.0922,0.7755,0,0,0.9705,0,1]},
{"frame":19,"values":[0.5545,0.7536,0.353,0,-0.5488,0.65,-0.5257,0,-0.6256,0.0978,0.774,0,0,0.9705,0,1]},
{"frame":20,"values":[0.5546,0.7541,0.3518,0,-0.5482,0.6492,-0.5273,0,-0.626,0.0996,0.7735,0,0,0.9705,0,1]},
{"frame":21,"values":[0.5544,0.7539,0.3526,0,-0.5487,0.6496,-0.5262,0,-0.6258,0.0982,0.7738,0,0,0.9705,0,1]},
{"frame":22,"values":[0.5536,0.7533,0.3552,0,-0.5502,0.651,-0.523,0,-0.6252,0.0941,0.7748,0,0,0.9705,0,1]},
{"frame":23,"values":[0.5522,0.7522,0.3596,0,-0.5527,0.6532,-0.5175,0,-0.6242,0.087,0.7764,0,0,0.9705,0,1]},
{"frame":24,"values":[0.5504,0.7505,0.3659,0,-0.5562,0.6564,-0.5097,0,-0.6227,0.077,0.7787,0,0,0.9705,0,1]},
{"frame":25,"values":[0.5481,0.7482,0.3739,0,-0.5607,0.6604,-0.4996,0,-0.6207,0.0642,0.7814,0,0,0.9705,0,1]},
{"frame":26,"values":[0.5455,0.7451,0.3837,0,-0.566,0.6651,-0.4871,0,-0.6181,0.0485,0.7846,0,0,0.9705,0,1]},
{"frame":27,"values":[0.5426,0.7413,0.3951,0,-0.5722,0.6705,-0.4723,0,-0.615,0.0302,0.788,0,0,0.9705,0,1]},
{"frame":28,"values":[0.5396,0.7365,0.4078,0,-0.5789,0.6763,-0.4554,0,-0.6113,0.0096,0.7914,0,0,0.9705,0,1]},
{"frame":29,"values":[0.5366,0.7309,0.4217,0,-0.5862,0.6824,-0.4367,0,-0.607,-0.0128,0.7946,0,0,0.9705,0,1]},
{"frame":30,"values":[0.5339,0.7242,0.4364,0,-0.5937,0.6886,-0.4165,0,-0.6021,-0.0368,0.7975,0,0,0.9705,0,1]},
{"frame":31,"values":[0.5314,0.7167,0.4516,0,-0.6012,0.6946,-0.3951,0,-0.5969,-0.0615,0.8,0,0,0.9705,0,1]},
{"frame":32,"values":[0.5294,0.7084,0.4668,0,-0.6084,0.7005,-0.373,0,-0.5912,-0.0866,0.8018,0,0,0.9705,0,1]},
{"frame":33,"values":[0.528,0.6994,0.4818,0,-0.6153,0.706,-0.3506,0,-0.5854,-0.1113,0.8031,0,0,0.9705,0,1]},
{"frame":34,"values":[0.5272,0.6899,0.4962,0,-0.6216,0.7112,-0.3284,0,-0.5794,-0.1353,0.8037,0,0,0.9705,0,1]},
{"frame":35,"values":[0.527,0.68,0.5097,0,-0.6271,0.716,-0.3068,0,-0.5735,-0.158,0.8038,0,0,0.9705,0,1]},
{"frame":36,"values":[0.5276,0.67,0.5222,0,-0.6318,0.7204,-0.286,0,-0.5678,-0.1791,0.8034,0,0,0.9705,0,1]},
{"frame":37,"values":[0.5289,0.66,0.5336,0,-0.6356,0.7246,-0.2663,0,-0.5624,-0.1983,0.8027,0,0,0.9705,0,1]},
{"frame":38,"values":[0.5308,0.6501,0.5437,0,-0.6385,0.7286,-0.248,0,-0.5573,-0.2155,0.8018,0,0,0.9705,0,1]},
{"frame":39,"values":[0.5333,0.6406,0.5526,0,-0.6404,0.7324,-0.231,0,-0.5527,-0.2307,0.8008,0,0,0.9705,0,1]},
{"frame":40,"values":[0.5363,0.6313,0.5602,0,-0.6415,0.7362,-0.2156,0,-0.5485,-0.2437,0.7998,0,0,0.9705,0,1]},
{"frame":41,"values":[0.5402,0.6217,0.5671,0,-0.6416,0.7404,-0.2005,0,-0.5445,-0.2556,0.7989,0,0,0.9705,0,1]},
{"frame":42,"values":[0.5452,0.611,0.574,0,-0.641,0.7451,-0.1844,0,-0.5404,-0.2674,0.7978,0,0,0.9705,0,1]},
{"frame":43,"values":[0.5511,0.5992,0.5807,0,-0.6394,0.7504,-0.1675,0,-0.5361,-0.279,0.7967,0,0,0.9705,0,1]},
{"frame":44,"values":[0.5581,0.5864,0.5871,0,-0.637,0.7562,-0.1498,0,-0.5318,-0.2903,0.7956,0,0,0.9705,0,1]},
{"frame":45,"values":[0.566,0.5726,0.5931,0,-0.6336,0.7624,-0.1314,0,-0.5274,-0.3014,0.7943,0,0,0.9705,0,1]},
{"frame":46,"values":[0.5747,0.558,0.5987,0,-0.6294,0.7689,-0.1126,0,-0.5231,-0.3121,0.7931,0,0,0.9705,0,1]},
{"frame":47,"values":[0.5839,0.5428,0.6037,0,-0.6243,0.7756,-0.0935,0,-0.519,-0.3223,0.7917,0,0,0.9705,0,1]},
{"frame":48,"values":[0.5935,0.5273,0.6081,0,-0.6185,0.7822,-0.0745,0,-0.5149,-0.3319,0.7904,0,0,0.9705,0,1]},
{"frame":49,"values":[0.6033,0.5116,0.6118,0,-0.6122,0.7887,-0.0559,0,-0.5112,-0.3408,0.789,0,0,0.9705,0,1]},
{"frame":50,"values":[0.6129,0.4962,0.6149,0,-0.6055,0.795,-0.0379,0,-0.5076,-0.3491,0.7877,0,0,0.9705,0,1]},
{"frame":51,"values":[0.6223,0.4814,0.6173,0,-0.5986,0.8008,-0.021,0,-0.5044,-0.3565,0.7864,0,0,0.9705,0,1]},
{"frame":52,"values":[0.631,0.4674,0.6191,0,-0.5918,0.8061,-0.0054,0,-0.5016,-0.363,0.7853,0,0,0.9705,0,1]},
{"frame":53,"values":[0.639,0.4547,0.6205,0,-0.5853,0.8108,0.0086,0,-0.4991,-0.3687,0.7842,0,0,0.9705,0,1]},
{"frame":54,"values":[0.6461,0.4434,0.6213,0,-0.5793,0.8149,0.0209,0,-0.497,-0.3734,0.7833,0,0,0.9705,0,1]},
{"frame":55,"values":[0.6521,0.4336,0.6219,0,-0.574,0.8183,0.0313,0,-0.4953,-0.3773,0.7825,0,0,0.9705,0,1]},
{"frame":56,"values":[0.6571,0.4257,0.6222,0,-0.5695,0.821,0.0397,0,-0.4939,-0.3804,0.7819,0,0,0.9705,0,1]},
{"frame":57,"values":[0.6609,0.4195,0.6223,0,-0.5659,0.8232,0.0462,0,-0.4929,-0.3827,0.7814,0,0,0.9705,0,1]},
{"frame":58,"values":[0.6636,0.4151,0.6223,0,-0.5634,0.8246,0.0507,0,-0.4922,-0.3842,0.7811,0,0,0.9705,0,1]},
{"frame":59,"values":[0.6652,0.4125,0.6223,0,-0.5618,0.8255,0.0533,0,-0.4918,-0.3851,0.7809,0,0,0.9705,0,1]},
{"frame":60,"values":[0.6657,0.4117,0.6223,0,-0.5613,0.8258,0.0542,0,-0.4916,-0.3854,0.7809,0,0,0.9705,0,1]},
{"frame":61,"values":[0.6651,0.413,0.6222,0,-0.5619,0.8255,0.0527,0,-0.4919,-0.3846,0.7811,0,0,0.9705,0,1]},
{"frame":62,"values":[0.6631,0.4168,0.6217,0,-0.5635,0.8247,0.0481,0,-0.4927,-0.3823,0.7818,0,0,0.9705,0,1]},
{"frame":63,"values":[0.6597,0.4233,0.6209,0,-0.5663,0.8232,0.0405,0,-0.494,-0.3783,0.7828,0,0,0.9705,0,1]},
{"frame":64,"values":[0.655,0.4323,0.6197,0,-0.5701,0.821,0.0299,0,-0.4959,-0.3729,0.7843,0,0,0.9705,0,1]},
{"frame":65,"values":[0.649,0.4437,0.618,0,-0.5748,0.8181,0.0163,0,-0.4983,-0.3659,0.786,0,0,0.9705,0,1]},
{"frame":66,"values":[0.6417,0.4572,0.6157,0,-0.5804,0.8144,0.0002,0,-0.5013,-0.3575,0.788,0,0,0.9705,0,1]},
{"frame":67,"values":[0.6333,0.4726,0.6128,0,-0.5865,0.8097,-0.0183,0,-0.5048,-0.3478,0.79,0,0,0.9705,0,1]},
{"frame":68,"values":[0.6239,0.4894,0.6092,0,-0.5931,0.8042,-0.0386,0,-0.5088,-0.3373,0.7921,0,0,0.9705,0,1]},
{"frame":69,"values":[0.6138,0.5072,0.605,0,-0.5999,0.7978,-0.0602,0,-0.5132,-0.326,0.794,0,0,0.9705,0,1]},
{"frame":70,"values":[0.6033,0.5253,0.6001,0,-0.6066,0.7907,-0.0824,0,-0.5178,-0.3143,0.7957,0,0,0.9705,0,1]},
{"frame":71,"values":[0.5926,0.5432,0.5948,0,-0.6131,0.7831,-0.1045,0,-0.5225,-0.3027,0.7971,0,0,0.9705,0,1]},
{"frame":72,"values":[0.5821,0.5604,0.5891,0,-0.619,0.7752,-0.1258,0,-0.5272,-0.2915,0.7982,0,0,0.9705,0,1]},
{"frame":73,"values":[0.5722,0.5763,0.5835,0,-0.6244,0.7674,-0.1457,0,-0.5317,-0.2809,0.799,0,0,0.9705,0,1]},
{"frame":74,"values":[0.5631,0.5906,0.578,0,-0.629,0.7599,-0.1637,0,-0.5359,-0.2714,0.7995,0,0,0.9705,0,1]},
{"frame":75,"values":[0.5552,0.603,0.5729,0,-0.6329,0.7531,-0.1793,0,-0.5396,-0.263,0.7998,0,0,0.9705,0,1]},
{"frame":76,"values":[0.5485,0.6132,0.5685,0,-0.6361,0.7473,-0.1924,0,-0.5428,-0.2561,0.7999,0,0,0.9705,0,1]},
{"frame":77,"values":[0.5432,0.6212,0.5649,0,-0.6385,0.7425,-0.2026,0,-0.5453,-0.2507,0.7999,0,0,0.9705,0,1]},
{"frame":78,"values":[0.5394,0.6268,0.5623,0,-0.6401,0.739,-0.2098,0,-0.5471,-0.2468,0.7999,0,0,0.9705,0,1]},
{"frame":79,"values":[0.5371,0.6302,0.5607,0,-0.6411,0.7369,-0.2142,0,-0.5482,-0.2445,0.7998,0,0,0.9705,0,1]},
{"frame":80,"values":[0.5363,0.6313,0.5602,0,-0.6415,0.7362,-0.2156,0,-0.5485,-0.2437,0.7998,0,0,0.9705,0,1]}],"loopBehavior":1,"name":"anim","property":"_matrix"}},
{"name":"Bone.019","index":17,"matrix":[-0.02,-0.3265,-0.945,0,0.4793,0.8263,-0.2957,0,0.8774,-0.4589,0.14,0,0,1.0443,0,1],"rest":[-0.02,-0.3265,-0.945,0,0.4793,0.8263,-0.2957,0,0.8774,-0.4589,0.14,0,0,1.0443,0,1],"parentBoneIndex":16,"length":0.8763
,"animation":{"dataType":3,"framePerSecond":60,"keys":[
{"frame":0,"values":[-0.02,-0.3265,-0.945,0,0.4793,0.8263,-0.2957,0,0.8774,-0.4589,0.14,0,0,1.0443,0,1]},
{"frame":41,"values":[-0.0199,-0.3264,-0.945,0,0.4791,0.8265,-0.2956,0,0.8776,-0.4586,0.1399,0,0,1.0443,0,1]},
{"frame":42,"values":[-0.0197,-0.3261,-0.9451,0,0.4782,0.8271,-0.2953,0,0.878,-0.4578,0.1396,0,0,1.0443,0,1]},
{"frame":43,"values":[-0.0194,-0.3255,-0.9454,0,0.4769,0.828,-0.2949,0,0.8788,-0.4565,0.1391,0,0,1.0443,0,1]},
{"frame":44,"values":[-0.0189,-0.3246,-0.9456,0,0.475,0.8294,-0.2942,0,0.8798,-0.4547,0.1385,0,0,1.0443,0,1]},
{"frame":45,"values":[-0.0183,-0.3236,-0.946,0,0.4725,0.831,-0.2934,0,0.8811,-0.4524,0.1377,0,0,1.0443,0,1]},
{"frame":46,"values":[-0.0176,-0.3223,-0.9465,0,0.4696,0.833,-0.2924,0,0.8827,-0.4496,0.1367,0,0,1.0443,0,1]},
{"frame":47,"values":[-0.0168,-0.3209,-0.947,0,0.4662,0.8353,-0.2913,0,0.8845,-0.4464,0.1355,0,0,1.0443,0,1]},
{"frame":48,"values":[-0.016,-0.3193,-0.9475,0,0.4625,0.8378,-0.2901,0,0.8865,-0.4429,0.1343,0,0,1.0443,0,1]},
{"frame":49,"values":[-0.015,-0.3176,-0.9481,0,0.4586,0.8404,-0.2888,0,0.8885,-0.4391,0.133,0,0,1.0443,0,1]},
{"frame":50,"values":[-0.0141,-0.3158,-0.9487,0,0.4545,0.8431,-0.2874,0,0.8906,-0.4352,0.1317,0,0,1.0443,0,1]},
