{"producer":{"name":"Blender","version":"2.79 (sub 0)","exporter_version":"5.5.0","file":"stickman_with_head.babylon"},
"autoClear":true,"clearColor":[0.0509,0.0509,0.0509],"ambientColor":[0,0,0],"gravity":[0,-9.81,0],
"materials":[{"name":"stickman_with_head.Material","id":"stickman_with_head.Material","ambient":[0.8,0.8,0.8],"diffuse":[0.64,0.64,0.64],"specular":[0.5,0.5,0.5],"emissive":[0,0,0],"specularPower":50,"alpha":1,"backFaceCulling":true,"checkReadyOnlyOnce":false,"maxSimultaneousLights":4}],
"multiMaterials":[],
"skeletons":[{"name":"Armature","id":0,"dimensionsAtRest":[3.5184,9.0739,0.3895],"bones":[
{"name":"Bone.001","index":0,"matrix":[0.9987,-0.0452,0.0234,0,0.0443,0.9983,0.0371,0,0.0251,0.036,-0.999,0,-0.0082,0.319,0.1403,1],"rest":[0.9987,-0.0452,0.0234,0,0.0443,0.9983,0.0371,0,0.0251,0.036,-0.999,0,-0.0082,0.319,0.1403,1],"parentBoneIndex":-1,"length":1.1726
,"animation":{"dataType":3,"framePerSecond":60,"keys":[
{"frame":0,"values":[0.9987,-0.0452,0.0234,0,0.0443,0.9983,0.0371,0,0.0251,0.036,-0.999,0,-0.0082,0.319,0.1403,1]},
{"frame":80,"values":[0.9987,-0.0452,0.0234,0,0.0443,0.9983,0.0371,0,0.0251,0.036,-0.999,0,-0.0082,0.319,0.1403,1]}],"loopBehavior":1,"name":"anim","property":"_matrix"}},
{"name":"Bone.002","index":1,"matrix":[0.9917,0.1263,0.0258,0,-0.1288,0.9794,0.1552,0,-0.0056,-0.1572,0.9875,0,0,1.1726,0,1],"rest":[0.9917,0.1263,0.0258,0,-0.1288,0.9794,0.1552,0,-0.0056,-0.1572,0.9875,0,0,1.1726,0,1],"parentBoneIndex":0,"length":1.2604
,"animation":{"dataType":3,"framePerSecond":60,"keys":[
{"frame":0,"values":[0.9917,0.1263,0.0258,0,-0.1288,0.9794,0.1552,0,-0.0056,-0.1572,0.9875,0,0,1.1726,0,1]},
{"frame":80,"values":[0.9917,0.1263,0.0258,0,-0.1288,0.9794,0.1552,0,-0.0056,-0.1572,0.9875,0,0,1.1726,0,1]}],"loopBehavior":1,"name":"anim","property":"_matrix"}},
{"name":"Bone.003","index":2,"matrix":[0.9907,-0.1171,-0.0695,0,0.1048,0.9817,-0.1593,0,0.0869,0.1505,0.9848,0,0,1.2604,0,1],"rest":[0.9907,-0.1171,-0.0695,0,0.1048,0.9817,-0.1593,0,0.0869,0.1505,0.9848,0,0,1.2604,0,1],"parentBoneIndex":1,"length":1.3129
,"animation":{"dataType":3,"framePerSecond":60,"keys":[
{"frame":0,"values":[0.9907,-0.1171,-0.0695,0,0.1048,0.9817,-0.1593,0,0.0869,0.1505,0.9848,0,0,1.2604,0,1]},
{"frame":80,"values":[0.9907,-0.1171,-0.0695,0,0.1048,0.9817,-0.1593,0,0.0869,0.1505,0.9848,0,0,1.2604,0,1]}],"loopBehavior":1,"name":"anim","property":"_matrix"}},
{"name":"Bone.016","index":3,"matrix":[0.1819,0.7253,-0.664,0,0.9666,-0.2558,-0.0147,0,-0.1805,-0.6392,-0.7476,0,0,1.2604,0,1],"rest":[0.1819,0.7253,-0.664,0,0.9666,-0.2558,-0.0147,0,-0.1805,-0.6392,-0.7476,0,0,1.2604,0,1],"parentBoneIndex":1,"length":1.1058
,"animation":{"dataType":3,"framePerSecond":60,"keys":[
{"frame":0,"values":[0.1819,0.7253,-0.664,0,0.9666,-0.2558,-0.0147,0,-0.1805,-0.6392,-0.7476,0,0,1.2604,0,1]},
{"frame":80,"values":[0.1819,0.7253,-0.664,0,0.9666,-0.2558,-0.0147,0,-0.1805,-0.6392,-0.7476,0,0,1.2604,0,1]}],"loopBehavior":1,"name":"anim","property":"_matrix"}},
{"name":"Bone.038","index":4,"matrix":[-0.6416,-0.4941,-0.5867,0,-0.7655,0.4612,0.4487,0,0.0489,0.737,-0.6741,0,0,1.1058,0,1],"rest":[-0.6416,-0.4941,-0.5867,0,-0.7655,0.4612,0.4487,0,0.0489,0.737,-0.6741,0,0,1.1058,0,1],"parentBoneIndex":3,"length":1.147
,"animation":{"dataType":3,"framePerSecond":60,"keys":[
{"frame":0,"values":[-0.6416,-0.4941,-0.5867,0,-0.7655,0.4612,0.4487,0,0.0489,0.737,-0.6741,0,0,1.1058,0,1]},
{"frame":80,"values":[-0.6416,-0.4941,-0.5867,0,-0.7655,0.4612,0.4487,0,0.0489,0.737,-0.6741,0,0,1.1058,0,1]}],"loopBehavior":1,"name":"anim","property":"_matrix"}},
{"name":"Bone.017","index":5,"matrix":[0.9383,-0.3354,0.0846,0,0.3423,0.9354,-0.0881,0,-0.0496,0.1116,0.9925,0,0,1.147,0,1],"rest":[0.9946,0.0151,0.1023,0,0.0038,0.9833,-0.1818,0,-0.1033,0.1812,0.978,0,0,1.147,0,1],"parentBoneIndex":4,"length":1.1068
,"animation":{"dataType":3,"framePerSecond":60,"keys":[
{"frame":0,"values":[0.9946,0.0151,0.1023,0,0.0038,0.9833,-0.1818,0,-0.1033,0.1812,0.978,0,0,1.147,0,1]},
{"frame":1,"values":[0.9947,0.0131,0.1023,0,0.0057,0.9834,-0.1813,0,-0.1029,0.1809,0.9781,0,0,1.147,0,1]},
{"frame":2,"values":[0.9947,0.0071,0.1022,0,0.0115,0.9837,-0.1797,0,-0.1018,0.1799,0.9784,0,0,1.147,0,1]},
{"frame":3,"values":[0.9948,-0.003,0.1022,0,0.0211,0.984,-0.177,0,-0.1,0.1782,0.9789,0,0,1.147,0,1]},
{"frame":4,"values":[0.9946,-0.0171,0.1021,0,0.0347,0.9843,-0.1733,0,-0.0975,0.1759,0.9796,0,0,1.147,0,1]},
{"frame":5,"values":[0.9942,-0.0349,0.1018,0,0.0518,0.9843,-0.1685,0,-0.0943,0.1728,0.9804,0,0,1.147,0,1]},
{"frame":6,"values":[0.9933,-0.0563,0.1014,0,0.0724,0.984,-0.1628,0,-0.0906,0.1691,0.9814,0,0,1.147,0,1]},
{"frame":7,"values":[0.9916,-0.0808,0.1008,0,0.096,0.983,-0.1563,0,-0.0864,0.1647,0.9825,0,0,1.147,0,1]},
{"frame":8,"values":[0.9892,-0.1077,0.0999,0,0.1219,0.9813,-0.1492,0,-0.082,0.1598,0.9837,0,0,1.147,0,1]},
{"frame":9,"values":[0.9857,-0.1362,0.0988,0,0.1494,0.9786,-0.1416,0,-0.0774,0.1543,0.985,0,0,1.147,0,1]},
{"frame":10,"values":[0.9814,-0.1656,0.0974,0,0.1778,0.9749,-0.1338,0,-0.0728,0.1486,0.9862,0,0,1.147,0,1]},
{"frame":11,"values":[0.9762,-0.1948,0.0957,0,0.206,0.9704,-0.126,0,-0.0683,0.1428,0.9874,0,0,1.147,0,1]},
{"frame":12,"values":[0.9703,-0.2229,0.0939,0,0.2332,0.9652,-0.1186,0,-0.0642,0.1369,0.9885,0,0,1.147,0,1]},
{"frame":13,"values":[0.9641,-0.2491,0.092,0,0.2586,0.9595,-0.1116,0,-0.0605,0.1314,0.9895,0,0,1.147,0,1]},
{"frame":14,"values":[0.9579,-0.2727,0.0901,0,0.2815,0.9538,-0.1053,0,-0.0572,0.1262,0.9903,0,0,1.147,0,1]},
{"frame":15,"values":[0.9519,-0.2933,0.0883,0,0.3014,0.9483,-0.0998,0,-0.0545,0.1217,0.9911,0,0,1.147,0,1]},
{"frame":16,"values":[0.9467,-0.3103,0.0868,0,0.3179,0.9433,-0.0953,0,-0.0523,0.1178,0.9917,0,0,1.147,0,1]},
{"frame":17,"values":[0.9423,-0.3236,0.0855,0,0.3308,0.9392,-0.0918,0,-0.0506,0.1148,0.9921,0,0,1.147,0,1]},
{"frame":18,"values":[0.9391,-0.3331,0.0845,0,0.34,0.9362,-0.0893,0,-0.0494,0.1126,0.9924,0,0,1.147,0,1]},
{"frame":19,"values":[0.9371,-0.3387,0.0839,0,0.3455,0.9343,-0.0877,0,-0.0487,0.1112,0.9926,0,0,1.147,0,1]},
{"frame":20,"values":[0.9365,-0.3406,0.0837,0,0.3474,0.9337,-0.0873,0,-0.0485,0.1108,0.9927,0,0,1.147,0,1]},
{"frame":21,"values":[0.9369,-0.3393,0.084,0,0.3461,0.9341,-0.0875,0,-0.0488,0.111,0.9926,0,0,1.147,0,1]},
{"frame":22,"values":[0.9383,-0.3354,0.0846,0,0.3423,0.9354,-0.0881,0,-0.0496,0.1116,0.9925,0,0,1.147,0,1]},
{"frame":23,"values":[0.9405,-0.3288,0.0858,0,0.3359,0.9377,-0.0892,0,-0.0511,0.1127,0.9923,0,0,1.147,0,1]},
{"frame":24,"values":[0.9436,-0.3194,0.0874,0,0.3268,0.9407,-0.0908,0,-0.0532,0.1142,0.992,0,0,1.147,0,1]},
{"frame":25,"values":[0.9475,-0.3072,0.0893,0,0.315,0.9445,-0.0929,0,-0.0558,0.1162,0.9917,0,0,1.147,0,1]},
{"frame":26,"values":[0.952,-0.2922,0.0916,0,0.3005,0.949,-0.0957,0,-0.059,0.1186,0.9912,0,0,1.147,0,1]},
{"frame":27,"values":[0.9569,-0.2746,0.0942,0,0.2835,0.9539,-0.0991,0,-0.0626,0.1215,0.9906,0,0,1.147,0,1]},
{"frame":28,"values":[0.9622,-0.2546,0.0968,0,0.2641,0.959,-0.1031,0,-0.0666,0.1248,0.9899,0,0,1.147,0,1]},
{"frame":29,"values":[0.9675,-0.2325,0.0995,0,0.2428,0.9641,-0.1078,0,-0.0709,0.1284,0.9892,0,0,1.147,0,1]},
{"frame":30,"values":[0.9726,-0.2088,0.1021,0,0.2199,0.969,-0.113,0,-0.0753,0.1324,0.9883,0,0,1.147,0,1]},
{"frame":31,"values":[0.9774,-0.1839,0.1044,0,0.1958,0.9734,-0.1189,0,-0.0798,0.1366,0.9874,0,0,1.147,0,1]},
{"frame":32,"values":[0.9816,-0.1584,0.1064,0,0.1712,0.9772,-0.1252,0,-0.0842,0.1411,0.9864,0,0,1.147,0,1]},
{"frame":33,"values":[0.9853,-0.1328,0.1079,0,0.1466,0.9804,-0.1319,0,-0.0883,0.1458,0.9854,0,0,1.147,0,1]},
{"frame":34,"values":[0.9882,-0.1076,0.1089,0,0.1223,0.9827,-0.1389,0,-0.0921,0.1505,0.9843,0,0,1.147,0,1]},
{"frame":35,"values":[0.9905,-0.0833,0.1093,0,0.0989,0.9843,-0.146,0,-0.0954,0.1555,0.9832,0,0,1.147,0,1]},
{"frame":36,"values":[0.9922,-0.0602,0.1091,0,0.0766,0.9852,-0.1533,0,-0.0982,0.1605,0.9821,0,0,1.147,0,1]},
{"frame":37,"values":[0.9934,-0.0387,0.1082,0,0.0559,0.9854,-0.1606,0,-0.1005,0.1655,0.9811,0,0,1.147,0,1]},
{"frame":38,"values":[0.9941,-0.0189,0.1068,0,0.0367,0.9851,-0.1678,0,-0.1021,0.1707,0.98,0,0,1.147,0,1]},
{"frame":39,"values":[0.9945,-0.0009,0.1048,0,0.0194,0.9844,-0.1749,0,-0.103,0.1759,0.979,0,0,1.147,0,1]},
{"frame":40,"values":[0.9946,0.0151,0.1023,0,0.0038,0.9833,-0.1818,0,-0.1033,0.1812,0.978,0,0,1.147,0,1]},
{"frame":41,"values":[0.9946,0.0304,0.0994,0,-0.0112,0.9819,-0.1891,0,-0.1033,0.187,0.9769,0,0,1.147,0,1]},
{"frame":42,"values":[0.9943,0.0465,0.0962,0,-0.0267,0.9799,-0.1975,0,-0.1035,0.1938,0.9756,0,0,1.147,0,1]},
{"frame":43,"values":[0.9937,0.0632,0.0927,0,-0.0428,0.9775,-0.2067,0,-0.1037,0.2014,0.974,0,0,1.147,0,1]},
{"frame":44,"values":[0.9928,0.0803,0.089,0,-0.0594,0.9744,-0.2168,0,-0.1041,0.21,0.9721,0,0,1.147,0,1]},
{"frame":45,"values":[0.9916,0.0978,0.0849,0,-0.0763,0.9707,-0.2277,0,-0.1047,0.2193,0.97,0,0,1.147,0,1]},
{"frame":46,"values":[0.99,0.1154,0.0806,0,-0.0932,0.9665,-0.2391,0,-0.1055,0.2292,0.9676,0,0,1.147,0,1]},
{"frame":47,"values":[0.9882,0.133,0.076,0,-0.1101,0.9617,-0.251,0,-0.1065,0.2397,0.965,0,0,1.147,0,1]},
{"frame":48,"values":[0.9861,0.1503,0.0713,0,-0.1267,0.9564,-0.2632,0,-0.1077,0.2505,0.9621,0,0,1.147,0,1]},
{"frame":49,"values":[0.9837,0.1669,0.0664,0,-0.1427,0.9507,-0.2753,0,-0.1091,0.2613,0.9591,0,0,1.147,0,1]},
{"frame":50,"values":[0.9812,0.1827,0.0615,0,-0.1579,0.9448,-0.2871,0,-0.1106,0.272,0.9559,0,0,1.147,0,1]},
{"frame":51,"values":[0.9787,0.1974,0.0567,0,-0.1721,0.9388,-0.2983,0,-0.1121,0.2822,0.9528,0,0,1.147,0,1]},
{"frame":52,"values":[0.9761,0.2108,0.0522,0,-0.1849,0.933,-0.3088,0,-0.1138,0.2918,0.9497,0,0,1.147,0,1]},
{"frame":53,"values":[0.9737,0.2226,0.0479,0,-0.1964,0.9274,-0.3183,0,-0.1153,0.3006,0.9468,0,0,1.147,0,1]},
{"frame":54,"values":[0.9715,0.2329,0.0441,0,-0.2063,0.9223,-0.3267,0,-0.1168,0.3083,0.9441,0,0,1.147,0,1]},
{"frame":55,"values":[0.9695,0.2415,0.0408,0,-0.2146,0.9179,-0.3339,0,-0.1181,0.3149,0.9417,0,0,1.147,0,1]},
{"frame":56,"values":[0.9679,0.2484,0.0381,0,-0.2213,0.9141,-0.3397,0,-0.1192,0.3204,0.9398,0,0,1.147,0,1]},
{"frame":57,"values":[0.9666,0.2537,0.036,0,-0.2263,0.9112,-0.3442,0,-0.1201,0.3246,0.9382,0,0,1.147,0,1]},
{"frame":58,"values":[0.9657,0.2574,0.0345,0,-0.2299,0.9091,-0.3474,0,-0.1208,0.3276,0.9371,0,0,1.147,0,1]},
{"frame":59,"values":[0.9652,0.2595,0.0336,0,-0.232,0.9078,-0.3493,0,-0.1212,0.3293,0.9364,0,0,1.147,0,1]},
{"frame":60,"values":[0.965,0.2602,0.0333,0,-0.2326,0.9074,-0.3499,0,-0.1213,0.3299,0.9362,0,0,1.147,0,1]},
{"frame":61,"values":[0.9653,0.2589,0.0338,0,-0.2314,0.9081,-0.3491,0,-0.1211,0.3291,0.9365,0,0,1.147,0,1]},
{"frame":62,"values":[0.9663,0.2551,0.0353,0,-0.2275,0.91,-0.3465,0,-0.1205,0.3268,0.9374,0,0,1.147,0,1]},
{"frame":63,"values":[0.9679,0.2485,0.0378,0,-0.2212,0.9132,-0.3422,0,-0.1195,0.3228,0.9389,0,0,1.147,0,1]},
{"frame":64,"values":[0.97,0.2394,0.0411,0,-0.2122,0.9176,-0.3361,0,-0.1182,0.3173,0.9409,0,0,1.147,0,1]},
{"frame":65,"values":[0.9727,0.2277,0.0454,0,-0.2008,0.923,-0.3283,0,-0.1166,0.3102,0.9435,0,0,1.147,0,1]},
{"frame":66,"values":[0.9756,0.2136,0.0503,0,-0.187,0.9292,-0.3188,0,-0.1148,0.3017,0.9465,0,0,1.147,0,1]},
{"frame":67,"values":[0.9787,0.1974,0.0557,0,-0.1713,0.9359,-0.3079,0,-0.1129,0.2918,0.9498,0,0,1.147,0,1]},
{"frame":68,"values":[0.9818,0.1794,0.0615,0,-0.1538,0.9428,-0.2957,0,-0.1111,0.2809,0.9533,0,0,1.147,0,1]},
{"frame":69,"values":[0.9848,0.1601,0.0674,0,-0.1351,0.9497,-0.2826,0,-0.1093,0.2692,0.9569,0,0,1.147,0,1]},
{"frame":70,"values":[0.9874,0.1401,0.0732,0,-0.1157,0.9562,-0.2689,0,-0.1077,0.257,0.9604,0,0,1.147,0,1]},
{"frame":71,"values":[0.9897,0.1199,0.0787,0,-0.0963,0.9621,-0.255,0,-0.1063,0.2448,0.9637,0,0,1.147,0,1]},
{"frame":72,"values":[0.9914,0.1002,0.0838,0,-0.0774,0.9673,-0.2414,0,-0.1053,0.2329,0.9668,0,0,1.147,0,1]},
{"frame":73,"values":[0.9927,0.0817,0.0883,0,-0.0596,0.9717,-0.2285,0,-0.1045,0.2216,0.9695,0,0,1.147,0,1]},
{"frame":74,"values":[0.9936,0.0647,0.0922,0,-0.0434,0.9753,-0.2167,0,-0.1039,0.2113,0.9719,0,0,1.147,0,1]},
{"frame":75,"values":[0.9942,0.0499,0.0954,0,-0.0293,0.978,-0.2063,0,-0.1036,0.2023,0.9738,0,0,1.147,0,1]},
{"frame":76,"values":[0.9945,0.0375,0.0979,0,-0.0175,0.9801,-0.1976,0,-0.1034,0.1948,0.9754,0,0,1.147,0,1]},
{"frame":77,"values":[0.9946,0.0277,0.0999,0,-0.0082,0.9816,-0.1907,0,-0.1033,0.1889,0.9766,0,0,1.147,0,1]},
{"frame":78,"values":[0.9946,0.0207,0.1012,0,-0.0015,0.9826,-0.1857,0,-0.1033,0.1846,0.9774,0,0,1.147,0,1]},
{"frame":79,"values":[0.9946,0.0165,0.102,0,0.0025,0.9832,-0.1828,0,-0.1033,0.1821,0.9778,0,0,1.147,0,1]},
{"frame":80,"values":[0.9946,0.0151,0.1023,0,0.0038,0.9833,-0.1818,0,-0.1033,0.1812,0.978,0,0,1.147,0,1]}],"loopBehavior":1,"name":"anim","property":"_matrix"}},
{"name":"Bone.018","index":6,"matrix":[0.9783,-0.0807,0.1911,0,0.067,0.9948,0.0772,0,-0.1963,-0.0628,0.9785,0,0,1.1068,0,1],"rest":[0.9799,-0.0688,0.1875,0,0.0513,0.994,0.0967,0,-0.193,-0.0851,0.9775,0,0,1.1068,0,1],"parentBoneIndex":5,"length":1.3441
,"animation":{"dataType":3,"framePerSecond":60,"keys":[
{"frame":0,"values":[0.9799,-0.0688,0.1875,0,0.0513,0.994,0.0967,0,-0.193,-0.0851,0.9775,0,0,1.1068,0,1]},
{"frame":1,"values":[0.9798,-0.0689,0.1875,0,0.0514,0.994,0.0966,0,-0.193,-0.085,0.9775,0,0,1.1068,0,1]},
{"frame":2,"values":[0.9798,-0.0691,0.1876,0,0.0517,0.994,0.0962,0,-0.1931,-0.0846,0.9775,0,0,1.1068,0,1]},
{"frame":3,"values":[0.9798,-0.0694,0.1877,0,0.0521,0.994,0.0957,0,-0.1932,-0.084,0.9776,0,0,1.1068,0,1]},
{"frame":4,"values":[0.9797,-0.0699,0.1878,0,0.0527,0.9941,0.0949,0,-0.1933,-0.0831,0.9776,0,0,1.1068,0,1]},
{"frame":5,"values":[0.9796,-0.0705,0.188,0,0.0535,0.9941,0.0939,0,-0.1935,-0.0819,0.9777,0,0,1.1068,0,1]},
{"frame":6,"values":[0.9795,-0.0712,0.1882,0,0.0545,0.9942,0.0927,0,-0.1937,-0.0806,0.9777,0,0,1.1068,0,1]},
{"frame":7,"values":[0.9794,-0.072,0.1884,0,0.0555,0.9943,0.0914,0,-0.1939,-0.0791,0.9778,0,0,1.1068,0,1]},
{"frame":8,"values":[0.9793,-0.0729,0.1887,0,0.0567,0.9943,0.0899,0,-0.1942,-0.0774,0.9779,0,0,1.1068,0,1]},
{"frame":9,"values":[0.9792,-0.0739,0.189,0,0.058,0.9944,0.0884,0,-0.1945,-0.0756,0.978,0,0,1.1068,0,1]},
{"frame":10,"values":[0.9791,-0.0749,0.1893,0,0.0593,0.9945,0.0867,0,-0.1947,-0.0737,0.9781,0,0,1.1068,0,1]},
{"frame":11,"values":[0.9789,-0.0759,0.1896,0,0.0606,0.9945,0.0851,0,-0.195,-0.0718,0.9782,0,0,1.1068,0,1]},
{"frame":12,"values":[0.9788,-0.0769,0.1899,0,0.0619,0.9946,0.0835,0,-0.1953,-0.07,0.9782,0,0,1.1068,0,1]},
{"frame":13,"values":[0.9787,-0.0778,0.1902,0,0.0631,0.9946,0.0821,0,-0.1955,-0.0683,0.9783,0,0,1.1068,0,1]},
{"frame":14,"values":[0.9786,-0.0786,0.1904,0,0.0642,0.9947,0.0807,0,-0.1957,-0.0668,0.9784,0,0,1.1068,0,1]},
{"frame":15,"values":[0.9785,-0.0793,0.1906,0,0.0651,0.9947,0.0795,0,-0.1959,-0.0654,0.9784,0,0,1.1068,0,1]},
{"frame":16,"values":[0.9784,-0.0799,0.1908,0,0.0659,0.9947,0.0786,0,-0.1961,-0.0643,0.9785,0,0,1.1068,0,1]},
{"frame":17,"values":[0.9783,-0.0804,0.191,0,0.0665,0.9947,0.0778,0,-0.1962,-0.0634,0.9785,0,0,1.1068,0,1]},
{"frame":18,"values":[0.9783,-0.0807,0.1911,0,0.067,0.9948,0.0772,0,-0.1963,-0.0628,0.9785,0,0,1.1068,0,1]},
{"frame":19,"values":[0.9782,-0.0809,0.1911,0,0.0672,0.9948,0.0769,0,-0.1964,-0.0624,0.9785,0,0,1.1068,0,1]},
{"frame":20,"values":[0.9782,-0.081,0.1912,0,0.0673,0.9948,0.0768,0,-0.1964,-0.0623,0.9785,0,0,1.1068,0,1]},
{"frame":21,"values":[0.9782,-0.0809,0.1911,0,0.0672,0.9948,0.0769,0,-0.1964,-0.0624,0.9785,0,0,1.1068,0,1]},
{"frame":22,"values":[0.9783,-0.0807,0.1911,0,0.067,0.9948,0.0772,0,-0.1963,-0.0628,0.9785,0,0,1.1068,0,1]},
{"frame":23,"values":[0.9783,-0.0804,0.191,0,0.0665,0.9947,0.0778,0,-0.1962,-0.0634,0.9785,0,0,1.1068,0,1]},
{"frame":24,"values":[0.9784,-0.0799,0.1908,0,0.0659,0.9947,0.0786,0,-0.1961,-0.0643,0.9785,0,0,1.1068,0,1]},
{"frame":25,"values":[0.9785,-0.0793,0.1906,0,0.0651,0.9947,0.0795,0,-0.1959,-0.0654,0.9784,0,0,1.1068,0,1]},
{"frame":26,"values":[0.9786,-0.0786,0.1904,0,0.0642,0.9947,0.0807,0,-0.1957,-0.0668,0.9784,0,0,1.1068,0,1]},
{"frame":27,"values":[0.9787,-0.0778,0.1902,0,0.0631,0.9946,0.0821,0,-0.1955,-0.0683,0.9783,0,0,1.1068,0,1]},
{"frame":28,"values":[0.9788,-0.0769,0.1899,0,0.0619,0.9946,0.0835,0,-0.1953,-0.07,0.9782,0,0,1.1068,0,1]},
{"frame":29,"values":[0.9789,-0.0759,0.1896,0,0.0606,0.9945,0.0851,0,-0.195,-0.0718,0.9782,0,0,1.1068,0,1]},
{"frame":30,"values":[0.9791,-0.0749,0.1893,0,0.0593,0.9945,0.0867,0,-0.1947,-0.0737,0.9781,0,0,1.1068,0,1]},
{"frame":31,"values":[0.9792,-0.0739,0.189,0,0.058,0.9944,0.0884,0,-0.1945,-0.0756,0.978,0,0,1.1068,0,1]},
{"frame":32,"values":[0.9793,-0.0729,0.1887,0,0.0567,0.9943,0.0899,0,-0.1942,-0.0774,0.9779,0,0,1.1068,0,1]},
{"frame":33,"values":[0.9794,-0.072,0.1884,0,0.0555,0.9943,0.0914,0,-0.1939,-0.0791,0.9778,0,0,1.1068,0,1]},
{"frame":34,"values":[0.9795,-0.0712,0.1882,0,0.0545,0.9942,0.0927,0,-0.1937,-0.0806,0.9777,0,0,1.1068,0,1]},
{"frame":35,"values":[0.9796,-0.0705,0.188,0,0.0535,0.9941,0.0939,0,-0.1935,-0.0819,0.9777,0,0,1.1068,0,1]},
{"frame":36,"values":[0.9797,-0.0699,0.1878,0,0.0527,0.9941,0.0949,0,-0.1933,-0.0831,0.9776,0,0,1.1068,0,1]},
{"frame":37,"values":[0.9798,-0.0694,0.1877,0,0.0521,0.994,0.0957,0,-0.1932,-0.084,0.9776,0,0,1.1068,0,1]},
{"frame":38,"values":[0.9798,-0.0691,0.1876,0,0.0517,0.994,0.0962,0,-0.1931,-0.0846,0.9775,0,0,1.1068,0,1]},
{"frame":39,"values":[0.9798,-0.0689,0.1875,0,0.0514,0.994,0.0966,0,-0.193,-0.085,0.9775,0,0,1.1068,0,1]},
{"frame":40,"values":[0.9799,-0.0688,0.1875,0,0.0513,0.994,0.0967,0,-0.193,-0.0851,0.9775,0,0,1.1068,0,1]},
{"frame":80,"values":[0.9799,-0.0688,0.1875,0,0.0513,0.994,0.0967,0,-0.193,-0.0851,0.9775,0,0,1.1068,0,1]}],"loopBehavior":1,"name":"anim","property":"_matrix"}},
{"name":"Bone.027","index":7,"matrix":[0.0968,-0.2651,-0.9593,0,-0.9892,-0.1326,-0.0632,0,-0.1105,0.9551,-0.2751,0,0,1.2604,0,1],"rest":[0.0968,-0.2651,-0.9593,0,-0.9892,-0.1326,-0.0632,0,-0.1105,0.9551,-0.2751,0,0,1.2604,0,1],"parentBoneIndex":1,"length":1.1145
,"animation":{"dataType":3,"framePerSecond":60,"keys":[
{"frame":0,"values":[0.0968,-0.2651,-0.9593,0,-0.9892,-0.1326,-0.0632,0,-0.1105,0.9551,-0.2751,0,0,1.2604,0,1]},
{"frame":80,"values":[0.0968,-0.2651,-0.9593,0,-0.9892,-0.1326,-0.0632,0,-0.1105,0.9551,-0.2751,0,0,1.2604,0,1]}],"loopBehavior":1,"name":"anim","property":"_matrix"}},
{"name":"Bone.026","index":8,"matrix":[0.7712,0.5784,0.266,0,-0.0033,0.4215,-0.9068,0,-0.6366,0.6984,0.327,0,0,1.1145,0,1],"rest":[0.7712,0.5784,0.266,0,-0.0033,0.4215,-0.9068,0,-0.6366,0.6984,0.327,0,0,1.1145,0,1],"parentBoneIndex":7,"length":0.9215
,"animation":{"dataType":3,"framePerSecond":60,"keys":[
{"frame":0,"values":[0.7712,0.5784,0.266,0,-0.0033,0.4215,-0.9068,0,-0.6366,0.6984,0.327,0,0,1.1145,0,1]},
{"frame":80,"values":[0.7712,0.5784,0.266,0,-0.0033,0.4215,-0.9068,0,-0.6366,0.6984,0.327,0,0,1.1145,0,1]}],"loopBehavior":1,"name":"anim","property":"_matrix"}},
{"name":"Bone.014","index":9,"matrix":[0.8442,-0.0168,0.5357,0,0.1903,0.9438,-0.2703,0,-0.5011,0.3301,0.8,0,0,0.9215,0,1],"rest":[0.8339,0.0907,0.5444,0,-0.0215,0.991,-0.1323,0,-0.5515,0.0986,0.8283,0,0,0.9215,0,1],"parentBoneIndex":8,"length":1.1742
,"animation":{"dataType":3,"framePerSecond":60,"keys":[
{"frame":0,"values":[0.8339,0.0907,0.5444,0,-0.0215,0.991,-0.1323,0,-0.5515,0.0986,0.8283,0,0,0.9215,0,1]},
{"frame":1,"values":[0.834,0.0901,0.5443,0,-0.0203,0.9909,-0.1331,0,-0.5513,0.0999,0.8283,0,0,0.9215,0,1]},
{"frame":2,"values":[0.8344,0.0884,0.544,0,-0.0166,0.9907,-0.1354,0,-0.5509,0.1039,0.8281,0,0,0.9215,0,1]},
{"frame":3,"values":[0.835,0.0854,0.5436,0,-0.0105,0.9902,-0.1394,0,-0.5502,0.1106,0.8277,0,0,0.9215,0,1]},
{"frame":4,"values":[0.8358,0.0812,0.543,0,-0.0021,0.9894,-0.1449,0,-0.549,0.12,0.8271,0,0,0.9215,0,1]},
{"frame":5,"values":[0.8368,0.0759,0.5423,0,0.0087,0.9884,-0.1519,0,-0.5475,0.1318,0.8264,0,0,0.9215,0,1]},
{"frame":6,"values":[0.8378,0.0696,0.5415,0,0.0216,0.9868,-0.1602,0,-0.5455,0.1459,0.8253,0,0,0.9215,0,1]},
{"frame":7,"values":[0.839,0.0623,0.5406,0,0.0363,0.9848,-0.1698,0,-0.543,0.1621,0.824,0,0,0.9215,0,1]},
{"frame":8,"values":[0.8401,0.0542,0.5397,0,0.0524,0.9822,-0.1803,0,-0.5399,0.1798,0.8223,0,0,0.9215,0,1]},
{"frame":9,"values":[0.8411,0.0456,0.5389,0,0.0696,0.979,-0.1915,0,-0.5363,0.1985,0.8203,0,0,0.9215,0,1]},
{"frame":10,"values":[0.8421,0.0367,0.5381,0,0.0872,0.9753,-0.2029,0,-0.5323,0.2178,0.8181,0,0,0.9215,0,1]},
{"frame":11,"values":[0.8428,0.0277,0.5375,0,0.1048,0.9711,-0.2144,0,-0.5279,0.237,0.8156,0,0,0.9215,0,1]},
{"frame":12,"values":[0.8434,0.019,0.537,0,0.1217,0.9666,-0.2254,0,-0.5233,0.2555,0.8129,0,0,0.9215,0,1]},
{"frame":13,"values":[0.8438,0.0109,0.5365,0,0.1375,0.962,-0.2358,0,-0.5187,0.2727,0.8103,0,0,0.9215,0,1]},
{"frame":14,"values":[0.8441,0.0035,0.5362,0,0.1518,0.9575,-0.2451,0,-0.5143,0.2883,0.8077,0,0,0.9215,0,1]},
{"frame":15,"values":[0.8442,-0.003,0.536,0,0.1642,0.9534,-0.2532,0,-0.5103,0.3018,0.8053,0,0,0.9215,0,1]},
{"frame":16,"values":[0.8442,-0.0085,0.5359,0,0.1746,0.9497,-0.26,0,-0.5068,0.3131,0.8032,0,0,0.9215,0,1]},
{"frame":17,"values":[0.8442,-0.0127,0.5359,0,0.1827,0.9467,-0.2653,0,-0.5039,0.3219,0.8016,0,0,0.9215,0,1]},
{"frame":18,"values":[0.8442,-0.0158,0.5358,0,0.1885,0.9445,-0.2691,0,-0.5018,0.3281,0.8003,0,0,0.9215,0,1]},
{"frame":19,"values":[0.8442,-0.0176,0.5358,0,0.1919,0.9432,-0.2713,0,-0.5006,0.3319,0.7996,0,0,0.9215,0,1]},
{"frame":20,"values":[0.8442,-0.0182,0.5358,0,0.1931,0.9427,-0.2721,0,-0.5001,0.3331,0.7993,0,0,0.9215,0,1]},
{"frame":21,"values":[0.8442,-0.0179,0.5358,0,0.1924,0.943,-0.2716,0,-0.5004,0.3324,0.7995,0,0,0.9215,0,1]},
{"frame":22,"values":[0.8442,-0.0168,0.5357,0,0.1903,0.9438,-0.2703,0,-0.5011,0.3301,0.8,0,0,0.9215,0,1]},
{"frame":23,"values":[0.8443,-0.0149,0.5356,0,0.1867,0.9452,-0.2679,0,-0.5022,0.3262,0.8008,0,0,0.9215,0,1]},
{"frame":24,"values":[0.8444,-0.0123,0.5355,0,0.1816,0.9471,-0.2646,0,-0.5039,0.3207,0.802,0,0,0.9215,0,1]},
{"frame":25,"values":[0.8446,-0.0088,0.5354,0,0.1749,0.9496,-0.2603,0,-0.5061,0.3134,0.8035,0,0,0.9215,0,1]},
{"frame":26,"values":[0.8447,-0.0046,0.5353,0,0.1667,0.9525,-0.2549,0,-0.5087,0.3045,0.8053,0,0,0.9215,0,1]},
{"frame":27,"values":[0.8447,0.0004,0.5352,0,0.157,0.9558,-0.2485,0,-0.5116,0.294,0.8073,0,0,0.9215,0,1]},
{"frame":28,"values":[0.8447,0.0062,0.5352,0,0.1459,0.9594,-0.2413,0,-0.5149,0.2819,0.8096,0,0,0.9215,0,1]},
{"frame":29,"values":[0.8446,0.0125,0.5352,0,0.1335,0.9632,-0.2332,0,-0.5185,0.2684,0.8119,0,0,0.9215,0,1]},
{"frame":30,"values":[0.8444,0.0194,0.5354,0,0.12,0.9671,-0.2244,0,-0.5221,0.2537,0.8143,0,0,0.9215,0,1]},
{"frame":31,"values":[0.844,0.0267,0.5357,0,0.1057,0.9709,-0.215,0,-0.5258,0.2381,0.8166,0,0,0.9215,0,1]},
{"frame":32,"values":[0.8434,0.0343,0.5361,0,0.0909,0.9745,-0.2053,0,-0.5295,0.2219,0.8188,0,0,0.9215,0,1]},
{"frame":33,"values":[0.8427,0.042,0.5367,0,0.0757,0.9778,-0.1954,0,-0.533,0.2053,0.8208,0,0,0.9215,0,1]},
{"frame":34,"values":[0.8418,0.0497,0.5374,0,0.0605,0.9808,-0.1855,0,-0.5363,0.1886,0.8227,0,0,0.9215,0,1]},
{"frame":35,"values":[0.8408,0.0573,0.5383,0,0.0454,0.9834,-0.1757,0,-0.5395,0.1722,0.8242,0,0,0.9215,0,1]},
{"frame":36,"values":[0.8396,0.0647,0.5393,0,0.0308,0.9856,-0.1661,0,-0.5423,0.1561,0.8255,0,0,0.9215,0,1]},
{"frame":37,"values":[0.8383,0.0718,0.5405,0,0.0166,0.9875,-0.1569,0,-0.545,0.1405,0.8266,0,0,0.9215,0,1]},
{"frame":38,"values":[0.8369,0.0785,0.5417,0,0.0032,0.989,-0.1482,0,-0.5473,0.1257,0.8274,0,0,0.9215,0,1]},
{"frame":39,"values":[0.8354,0.0848,0.543,0,-0.0096,0.9901,-0.14,0,-0.5495,0.1117,0.828,0,0,0.9215,0,1]},
{"frame":40,"values":[0.8339,0.0907,0.5444,0,-0.0215,0.991,-0.1323,0,-0.5515,0.0986,0.8283,0,0,0.9215,0,1]},
{"frame":41,"values":[0.8322,0.0967,0.546,0,-0.0335,0.9917,-0.1245,0,-0.5534,0.0853,0.8285,0,0,0.9215,0,1]},
{"frame":42,"values":[0.8302,0.1032,0.5478,0,-0.0467,0.9921,-0.1161,0,-0.5555,0.0708,0.8285,0,0,0.9215,0,1]},
{"frame":43,"values":[0.8279,0.1101,0.55,0,-0.0609,0.9924,-0.107,0,-0.5576,0.0551,0.8283,0,0,0.9215,0,1]},
{"frame":44,"values":[0.8252,0.1175,0.5525,0,-0.0761,0.9923,-0.0974,0,-0.5597,0.0383,0.8278,0,0,0.9215,0,1]},
{"frame":45,"values":[0.8222,0.1252,0.5552,0,-0.0921,0.9919,-0.0872,0,-0.5617,0.0205,0.8271,0,0,0.9215,0,1]},
{"frame":46,"values":[0.8189,0.1331,0.5583,0,-0.1088,0.9911,-0.0767,0,-0.5635,0.002,0.8261,0,0,0.9215,0,1]},
{"frame":47,"values":[0.8153,0.1412,0.5616,0,-0.126,0.9898,-0.066,0,-0.5652,-0.0169,0.8248,0,0,0.9215,0,1]},
{"frame":48,"values":[0.8115,0.1493,0.565,0,-0.1433,0.9881,-0.0552,0,-0.5666,-0.0361,0.8232,0,0,0.9215,0,1]},
{"frame":49,"values":[0.8075,0.1571,0.5686,0,-0.1604,0.986,-0.0447,0,-0.5677,-0.0552,0.8214,0,0,0.9215,0,1]},
{"frame":50,"values":[0.8034,0.1647,0.5722,0,-0.1771,0.9836,-0.0344,0,-0.5685,-0.0737,0.8194,0,0,0.9215,0,1]},
{"frame":51,"values":[0.7994,0.1718,0.5757,0,-0.1929,0.9809,-0.0248,0,-0.569,-0.0913,0.8173,0,0,0.9215,0,1]},
{"frame":52,"values":[0.7955,0.1783,0.5791,0,-0.2077,0.9781,-0.0159,0,-0.5692,-0.1076,0.8151,0,0,0.9215,0,1]},
{"frame":53,"values":[0.7919,0.1841,0.5822,0,-0.221,0.9753,-0.0079,0,-0.5692,-0.1224,0.813,0,0,0.9215,0,1]},
{"frame":54,"values":[0.7887,0.1892,0.585,0,-0.2327,0.9726,-0.0008,0,-0.5691,-0.1354,0.811,0,0,0.9215,0,1]},
{"frame":55,"values":[0.7858,0.1934,0.5874,0,-0.2426,0.9701,0.0051,0,-0.5689,-0.1465,0.8093,0,0,0.9215,0,1]},
{"frame":56,"values":[0.7835,0.1969,0.5894,0,-0.2507,0.968,0.0099,0,-0.5686,-0.1556,0.8077,0,0,0.9215,0,1]},
{"frame":57,"values":[0.7816,0.1995,0.591,0,-0.257,0.9663,0.0136,0,-0.5684,-0.1625,0.8065,0,0,0.9215,0,1]},
{"frame":58,"values":[0.7803,0.2014,0.5921,0,-0.2614,0.9651,0.0162,0,-0.5682,-0.1674,0.8057,0,0,0.9215,0,1]},
{"frame":59,"values":[0.7795,0.2024,0.5928,0,-0.2639,0.9644,0.0177,0,-0.5681,-0.1703,0.8052,0,0,0.9215,0,1]},
{"frame":60,"values":[0.7792,0.2028,0.593,0,-0.2648,0.9641,0.0182,0,-0.568,-0.1712,0.805,0,0,0.9215,0,1]},
{"frame":61,"values":[0.7796,0.2022,0.5927,0,-0.2635,0.9645,0.0175,0,-0.5681,-0.1698,0.8052,0,0,0.9215,0,1]},
{"frame":62,"values":[0.7808,0.2006,0.5918,0,-0.2595,0.9656,0.0151,0,-0.5684,-0.1653,0.806,0,0,0.9215,0,1]},
{"frame":63,"values":[0.7826,0.1977,0.5902,0,-0.2528,0.9675,0.0111,0,-0.5688,-0.1579,0.8072,0,0,0.9215,0,1]},
{"frame":64,"values":[0.7852,0.1938,0.5881,0,-0.2434,0.9699,0.0055,0,-0.5693,-0.1474,0.8088,0,0,0.9215,0,1]},
{"frame":65,"values":[0.7885,0.1887,0.5854,0,-0.2315,0.9728,-0.0017,0,-0.5698,-0.1342,0.8108,0,0,0.9215,0,1]},
{"frame":66,"values":[0.7923,0.1825,0.5822,0,-0.2172,0.9761,-0.0104,0,-0.5702,-0.1182,0.813,0,0,0.9215,0,1]},
{"frame":67,"values":[0.7965,0.1753,0.5786,0,-0.2008,0.9794,-0.0203,0,-0.5703,-0.1,0.8153,0,0,0.9215,0,1]},
{"frame":68,"values":[0.801,0.1672,0.5748,0,-0.1827,0.9827,-0.0314,0,-0.5701,-0.0799,0.8177,0,0,0.9215,0,1]},
{"frame":69,"values":[0.8057,0.1585,0.5707,0,-0.1633,0.9856,-0.0432,0,-0.5694,-0.0584,0.82,0,0,0.9215,0,1]},
{"frame":70,"values":[0.8103,0.1494,0.5667,0,-0.1434,0.9881,-0.0555,0,-0.5683,-0.0363,0.822,0,0,0.9215,0,1]},
{"frame":71,"values":[0.8146,0.1402,0.5628,0,-0.1234,0.99,-0.0679,0,-0.5667,-0.0141,0.8238,0,0,0.9215,0,1]},
{"frame":72,"values":[0.8187,0.131,0.5591,0,-0.104,0.9914,-0.08,0,-0.5647,0.0073,0.8253,0,0,0.9215,0,1]},
{"frame":73,"values":[0.8223,0.1224,0.5557,0,-0.0859,0.9921,-0.0914,0,-0.5625,0.0274,0.8264,0,0,0.9215,0,1]},
{"frame":74,"values":[0.8255,0.1144,0.5527,0,-0.0694,0.9924,-0.1018,0,-0.5601,0.0457,0.8272,0,0,0.9215,0,1]},
{"frame":75,"values":[0.8282,0.1074,0.5501,0,-0.055,0.9923,-0.1109,0,-0.5578,0.0616,0.8277,0,0,0.9215,0,1]},
{"frame":76,"values":[0.8303,0.1015,0.548,0,-0.043,0.992,-0.1185,0,-0.5557,0.0748,0.828,0,0,0.9215,0,1]},
{"frame":77,"values":[0.8319,0.0968,0.5464,0,-0.0336,0.9916,-0.1245,0,-0.5539,0.0853,0.8282,0,0,0.9215,0,1]},
{"frame":78,"values":[0.833,0.0934,0.5453,0,-0.0268,0.9913,-0.1288,0,-0.5526,0.0927,0.8283,0,0,0.9215,0,1]},
{"frame":79,"values":[0.8337,0.0914,0.5446,0,-0.0228,0.9911,-0.1314,0,-0.5518,0.0971,0.8283,0,0,0.9215,0,1]},
{"frame":80,"values":[0.8339,0.0907,0.5444,0,-0.0215,0.991,-0.1323,0,-0.5515,0.0986,0.8283,0,0,0.9215,0,1]}],"loopBehavior":1,"name":"anim","property":"_matrix"}},
{"name":"Bone.015","index":10,"matrix":[0.7388,-0.0227,0.6735,0,0.0111,0.9997,0.0216,0,-0.6738,-0.0085,0.7388,0,0,1.1742,0,1],"rest":[0.7388,-0.0227,0.6735,0,0.0111,0.9997,0.0216,0,-0.6738,-0.0085,0.7388,0,0,1.1742,0,1],"parentBoneIndex":9,"length":1.3354
,"animation":{"dataType":3,"framePerSecond":60,"keys":[
{"frame":0,"values":[0.7388,-0.0227,0.6735,0,0.0111,0.9997,0.0216,0,-0.6738,-0.0085,0.7388,0,0,1.1742,0,1]},
{"frame":80,"values":[0.7388,-0.0227,0.6735,0,0.0111,0.9997,0.0216,0,-0.6738,-0.0085,0.7388,0,0,1.1742,0,1]}],"loopBehavior":1,"name":"anim","property":"_matrix"}},
{"name":"Bone","index":11,"matrix":[0.9976,0.0646,0.0263,0,0.0674,-0.9897,-0.1259,0,0.0179,0.1274,-0.9917,0,0,0,0,1],"rest":[0.9976,0.0646,0.0263,0,0.0674,-0.9897,-0.1259,0,0.0179,0.1274,-0.9917,0,0,0,0,1],"parentBoneIndex":0,"length":0.9705
,"animation":{"dataType":3,"framePerSecond":60,"keys":[
{"frame":0,"values":[0.9976,0.0646,0.0263,0,0.0674,-0.9897,-0.1259,0,0.0179,0.1274,-0.9917,0,0,0,0,1]},
{"frame":80,"values":[0.9976,0.0646,0.0263,0,0.0674,-0.9897,-0.1259,0,0.0179,0.1274,-0.9917,0,0,0,0,1]}],"loopBehavior":1,"name":"anim","property":"_matrix"}},
{"name":"Bone.007","index":12,"matrix":[0.6368,-0.52,-0.5693,0,0.7108,0.682,0.1721,0,0.2988,-0.5143,0.8039,0,0,0.9705,0,1],"rest":[0.5971,-0.6086,-0.5226,0,0.6793,0.7301,-0.0741,0,0.4266,-0.3108,0.8493,0,0,0.9705,0,1],"parentBoneIndex":11,"length":1.0234
,"animation":{"dataType":3,"framePerSecond":60,"keys":[
{"frame":0,"values":[0.5971,-0.6086,-0.5226,0,0.6793,0.7301,-0.0741,0,0.4266,-0.3108,0.8493,0,0,0.9705,0,1]},
{"frame":1,"values":[0.5973,-0.6081,-0.5229,0,0.6796,0.73,-0.0727,0,0.4259,-0.312,0.8493,0,0,0.9705,0,1]},
{"frame":2,"values":[0.5979,-0.6067,-0.5239,0,0.6804,0.7297,-0.0685,0,0.4238,-0.3155,0.849,0,0,0.9705,0,1]},
{"frame":3,"values":[0.5988,-0.6043,-0.5255,0,0.6817,0.729,-0.0615,0,0.4203,-0.3214,0.8485,0,0,0.9705,0,1]},
{"frame":4,"values":[0.6002,-0.601,-0.5278,0,0.6835,0.7281,-0.0518,0,0.4154,-0.3297,0.8478,0,0,0.9705,0,1]},
{"frame":5,"values":[0.602,-0.5967,-0.5306,0,0.6857,0.7268,-0.0394,0,0.4091,-0.3401,0.8467,0,0,0.9705,0,1]},
{"frame":6,"values":[0.6042,-0.5916,-0.5338,0,0.6883,0.725,-0.0245,0,0.4016,-0.3526,0.8452,0,0,0.9705,0,1]},
{"frame":7,"values":[0.6067,-0.5857,-0.5375,0,0.691,0.7228,-0.0075,0,0.3929,-0.3668,0.8432,0,0,0.9705,0,1]},
{"frame":8,"values":[0.6096,-0.5791,-0.5413,0,0.6939,0.72,0.0111,0,0.3833,-0.3824,0.8407,0,0,0.9705,0,1]},
{"frame":9,"values":[0.6127,-0.5721,-0.5453,0,0.6968,0.7166,0.031,0,0.3731,-0.3989,0.8377,0,0,0.9705,0,1]},
{"frame":10,"values":[0.6159,-0.5648,-0.5492,0,0.6995,0.7128,0.0515,0,0.3625,-0.4159,0.8341,0,0,0.9705,0,1]},
{"frame":11,"values":[0.6193,-0.5574,-0.553,0,0.7019,0.7086,0.0719,0,0.3518,-0.4327,0.8301,0,0,0.9705,0,1]},
{"frame":12,"values":[0.6226,-0.5502,-0.5565,0,0.7041,0.7042,0.0916,0,0.3415,-0.4489,0.8258,0,0,0.9705,0,1]},
{"frame":13,"values":[0.6258,-0.5434,-0.5596,0,0.706,0.6997,0.1101,0,0.3317,-0.4639,0.8214,0,0,0.9705,0,1]},
{"frame":14,"values":[0.6287,-0.5372,-0.5623,0,0.7075,0.6953,0.1268,0,0.3229,-0.4775,0.8171,0,0,0.9705,0,1]},
{"frame":15,"values":[0.6313,-0.5317,-0.5646,0,0.7086,0.6913,0.1414,0,0.3151,-0.4893,0.8132,0,0,0.9705,0,1]},
{"frame":16,"values":[0.6335,-0.5271,-0.5664,0,0.7095,0.6878,0.1535,0,0.3086,-0.4991,0.8097,0,0,0.9705,0,1]},
{"frame":17,"values":[0.6352,-0.5235,-0.5678,0,0.7102,0.6849,0.163,0,0.3035,-0.5068,0.8069,0,0,0.9705,0,1]},
{"frame":18,"values":[0.6365,-0.5209,-0.5688,0,0.7106,0.6828,0.1698,0,0.2999,-0.5123,0.8048,0,0,0.9705,0,1]},
{"frame":19,"values":[0.6373,-0.5194,-0.5693,0,0.7108,0.6815,0.1739,0,0.2977,-0.5155,0.8035,0,0,0.9705,0,1]},
{"frame":20,"values":[0.6375,-0.5189,-0.5695,0,0.7109,0.6811,0.1752,0,0.297,-0.5166,0.8031,0,0,0.9705,0,1]},
{"frame":21,"values":[0.6373,-0.5191,-0.5695,0,0.7109,0.6813,0.1745,0,0.2974,-0.516,0.8033,0,0,0.9705,0,1]},
{"frame":22,"values":[0.6368,-0.52,-0.5693,0,0.7108,0.682,0.1721,0,0.2988,-0.5143,0.8039,0,0,0.9705,0,1]},
{"frame":23,"values":[0.6358,-0.5215,-0.569,0,0.7107,0.6831,0.1681,0,0.301,-0.5113,0.805,0,0,0.9705,0,1]},
{"frame":24,"values":[0.6345,-0.5236,-0.5685,0,0.7105,0.6847,0.1624,0,0.3043,-0.507,0.8065,0,0,0.9705,0,1]},
{"frame":25,"values":[0.6328,-0.5264,-0.5679,0,0.7102,0.6868,0.1548,0,0.3085,-0.5013,0.8084,0,0,0.9705,0,1]},
{"frame":26,"values":[0.6308,-0.5298,-0.567,0,0.7097,0.6893,0.1456,0,0.3137,-0.4942,0.8108,0,0,0.9705,0,1]},
{"frame":27,"values":[0.6284,-0.5338,-0.5658,0,0.7091,0.6921,0.1346,0,0.3198,-0.4858,0.8135,0,0,0.9705,0,1]},
{"frame":28,"values":[0.6258,-0.5385,-0.5643,0,0.7083,0.6953,0.122,0,0.3267,-0.476,0.8165,0,0,0.9705,0,1]},
{"frame":29,"values":[0.6229,-0.5436,-0.5625,0,0.7072,0.6987,0.1079,0,0.3344,-0.465,0.8197,0,0,0.9705,0,1]},
{"frame":30,"values":[0.6199,-0.5492,-0.5604,0,0.7058,0.7023,0.0925,0,0.3427,-0.4529,0.8231,0,0,0.9705,0,1]},
{"frame":31,"values":[0.6169,-0.5552,-0.5578,0,0.7042,0.7059,0.0762,0,0.3515,-0.4398,0.8264,0,0,0.9705,0,1]},
{"frame":32,"values":[0.6139,-0.5614,-0.555,0,0.7023,0.7095,0.0591,0,0.3606,-0.426,0.8298,0,0,0.9705,0,1]},
{"frame":33,"values":[0.6109,-0.5678,-0.5517,0,0.7,0.7129,0.0415,0,0.3698,-0.4116,0.833,0,0,0.9705,0,1]},
{"frame":34,"values":[0.6082,-0.5741,-0.5482,0,0.6975,0.7161,0.0238,0,0.3789,-0.3969,0.836,0,0,0.9705,0,1]},
{"frame":35,"values":[0.6056,-0.5804,-0.5444,0,0.6948,0.7191,0.0062,0,0.3879,-0.382,0.8388,0,0,0.9705,0,1]},
{"frame":36,"values":[0.6033,-0.5866,-0.5403,0,0.6919,0.7219,-0.0111,0,0.3965,-0.3672,0.8414,0,0,0.9705,0,1]},
{"frame":37,"values":[0.6013,-0.5925,-0.5361,0,0.6889,0.7243,-0.0279,0,0.4048,-0.3525,0.8437,0,0,0.9705,0,1]},
{"frame":38,"values":[0.5996,-0.5982,-0.5317,0,0.6857,0.7265,-0.044,0,0.4126,-0.3382,0.8458,0,0,0.9705,0,1]},
{"frame":39,"values":[0.5982,-0.6035,-0.5272,0,0.6825,0.7284,-0.0594,0,0.4199,-0.3243,0.8477,0,0,0.9705,0,1]},
{"frame":40,"values":[0.5971,-0.6086,-0.5226,0,0.6793,0.7301,-0.0741,0,0.4266,-0.3108,0.8493,0,0,0.9705,0,1]},
{"frame":41,"values":[0.5962,-0.6137,-0.5176,0,0.6758,0.7317,-0.0891,0,0.4334,-0.2967,0.851,0,0,0.9705,0,1]},
{"frame":42,"values":[0.5955,-0.6192,-0.5118,0,0.6717,0.7333,-0.1056,0,0.4406,-0.2809,0.8526,0,0,0.9705,0,1]},
{"frame":43,"values":[0.595,-0.6252,-0.505,0,0.667,0.7347,-0.1236,0,0.4484,-0.2633,0.8542,0,0,0.9705,0,1]},
{"frame":44,"values":[0.5947,-0.6315,-0.4975,0,0.6618,0.7359,-0.1431,0,0.4565,-0.2441,0.8556,0,0,0.9705,0,1]},
{"frame":45,"values":[0.5947,-0.638,-0.4892,0,0.6559,0.7369,-0.1637,0,0.4649,-0.2235,0.8567,0,0,0.9705,0,1]},
{"frame":46,"values":[0.5948,-0.6447,-0.4801,0,0.6496,0.7374,-0.1853,0,0.4735,-0.2017,0.8574,0,0,0.9705,0,1]},
{"frame":47,"values":[0.5953,-0.6513,-0.4705,0,0.6428,0.7374,-0.2075,0,0.4821,-0.1789,0.8576,0,0,0.9705,0,1]},
{"frame":48,"values":[0.596,-0.6579,-0.4605,0,0.6357,0.7369,-0.2301,0,0.4907,-0.1556,0.8573,0,0,0.9705,0,1]},
{"frame":49,"values":[0.5969,-0.6641,-0.4502,0,0.6283,0.7359,-0.2524,0,0.4989,-0.1322,0.8565,0,0,0.9705,0,1]},
{"frame":50,"values":[0.598,-0.6699,-0.44,0,0.621,0.7343,-0.2742,0,0.5068,-0.1093,0.8551,0,0,0.9705,0,1]},
{"frame":51,"values":[0.5992,-0.6753,-0.43,0,0.6138,0.7324,-0.2949,0,0.5141,-0.0873,0.8533,0,0,0.9705,0,1]},
{"frame":52,"values":[0.6005,-0.6801,-0.4206,0,0.6069,0.7301,-0.3141,0,0.5206,-0.0666,0.8512,0,0,0.9705,0,1]},
{"frame":53,"values":[0.6018,-0.6842,-0.4118,0,0.6005,0.7277,-0.3314,0,0.5265,-0.0479,0.8488,0,0,0.9705,0,1]},
{"frame":54,"values":[0.6031,-0.6878,-0.4041,0,0.5948,0.7253,-0.3467,0,0.5315,-0.0313,0.8465,0,0,0.9705,0,1]},
{"frame":55,"values":[0.6043,-0.6907,-0.3973,0,0.5899,0.723,-0.3596,0,0.5357,-0.0171,0.8443,0,0,0.9705,0,1]},
{"frame":56,"values":[0.6053,-0.6929,-0.3918,0,0.5858,0.721,-0.3702,0,0.539,-0.0054,0.8423,0,0,0.9705,0,1]},
{"frame":57,"values":[0.6061,-0.6947,-0.3875,0,0.5826,0.7193,-0.3783,0,0.5415,0.0036,0.8407,0,0,0.9705,0,1]},
{"frame":58,"values":[0.6066,-0.6958,-0.3844,0,0.5803,0.7181,-0.3841,0,0.5433,0.0099,0.8395,0,0,0.9705,0,1]},
{"frame":59,"values":[0.607,-0.6965,-0.3826,0,0.579,0.7174,-0.3874,0,0.5443,0.0136,0.8388,0,0,0.9705,0,1]},
{"frame":60,"values":[0.6071,-0.6968,-0.382,0,0.5786,0.7171,-0.3885,0,0.5447,0.0149,0.8385,0,0,0.9705,0,1]},
{"frame":61,"values":[0.607,-0.6964,-0.3828,0,0.5792,0.7175,-0.3869,0,0.5441,0.0131,0.8389,0,0,0.9705,0,1]},
{"frame":62,"values":[0.6066,-0.6953,-0.3854,0,0.5812,0.7186,-0.3818,0,0.5425,0.0077,0.84,0,0,0.9705,0,1]},
{"frame":63,"values":[0.606,-0.6935,-0.3896,0,0.5844,0.7204,-0.3734,0,0.5396,-0.0014,0.8419,0,0,0.9705,0,1]},
{"frame":64,"values":[0.6052,-0.6909,-0.3955,0,0.5889,0.7228,-0.3616,0,0.5357,-0.0141,0.8443,0,0,0.9705,0,1]},
{"frame":65,"values":[0.6042,-0.6875,-0.4029,0,0.5945,0.7256,-0.3465,0,0.5305,-0.0302,0.8471,0,0,0.9705,0,1]},
{"frame":66,"values":[0.6031,-0.6832,-0.4117,0,0.6012,0.7286,-0.3283,0,0.5242,-0.0495,0.8501,0,0,0.9705,0,1]},
{"frame":67,"values":[0.602,-0.6781,-0.4217,0,0.6087,0.7315,-0.3073,0,0.5169,-0.0717,0.8531,0,0,0.9705,0,1]},
{"frame":68,"values":[0.6008,-0.6722,-0.4326,0,0.6168,0.7341,-0.2841,0,0.5085,-0.0961,0.8557,0,0,0.9705,0,1]},
{"frame":69,"values":[0.5998,-0.6656,-0.4441,0,0.6251,0.7362,-0.2592,0,0.4995,-0.1222,0.8577,0,0,0.9705,0,1]},
{"frame":70,"values":[0.5989,-0.6585,-0.4557,0,0.6335,0.7377,-0.2334,0,0.4899,-0.149,0.859,0,0,0.9705,0,1]},
{"frame":71,"values":[0.5981,-0.6511,-0.4672,0,0.6417,0.7384,-0.2074,0,0.48,-0.1757,0.8595,0,0,0.9705,0,1]},
{"frame":72,"values":[0.5976,-0.6436,-0.4782,0,0.6494,0.7383,-0.1822,0,0.4703,-0.2016,0.8592,0,0,0.9705,0,1]},
{"frame":73,"values":[0.5972,-0.6363,-0.4883,0,0.6563,0.7376,-0.1585,0,0.461,-0.2258,0.8582,0,0,0.9705,0,1]},
{"frame":74,"values":[0.597,-0.6295,-0.4973,0,0.6625,0.7364,-0.1369,0,0.4524,-0.2477,0.8567,0,0,0.9705,0,1]},
{"frame":75,"values":[0.5969,-0.6234,-0.505,0,0.6677,0.735,-0.1181,0,0.4448,-0.2667,0.855,0,0,0.9705,0,1]},
{"frame":76,"values":[0.5969,-0.6182,-0.5114,0,0.6719,0.7335,-0.1023,0,0.4384,-0.2825,0.8532,0,0,0.9705,0,1]},
{"frame":77,"values":[0.597,-0.614,-0.5163,0,0.6752,0.7321,-0.09,0,0.4333,-0.2949,0.8517,0,0,0.9705,0,1]},
{"frame":78,"values":[0.597,-0.611,-0.5198,0,0.6775,0.731,-0.0811,0,0.4296,-0.3038,0.8504,0,0,0.9705,0,1]},
{"frame":79,"values":[0.5971,-0.6092,-0.5219,0,0.6789,0.7303,-0.0758,0,0.4274,-0.309,0.8496,0,0,0.9705,0,1]},
{"frame":80,"values":[0.5971,-0.6086,-0.5226,0,0.6793,0.7301,-0.0741,0,0.4266,-0.3108,0.8493,0,0,0.9705,0,1]}],"loopBehavior":1,"name":"anim","property":"_matrix"}},
{"name":"Bone.004","index":13,"matrix":[0.9104,0.3568,-0.2092,0,-0.4136,0.7941,-0.4454,0,0.0071,0.492,0.8705,0,0,1.0234,0,1],"rest":[0.9104,0.3568,-0.2092,0,-0.4136,0.7941,-0.4454,0,0.0071,0.492,0.8705,0,0,1.0234,0,1],"parentBoneIndex":12,"length":1.1371
,"animation":{"dataType":3,"framePerSecond":60,"keys":[
{"frame":0,"values":[0.9105,0.3568,-0.2092,0,-0.4136,0.7941,-0.4454,0,0.0071,0.492,0.8705,0,0,1.0234,0,1]},
{"frame":2,"values":[0.9104,0.3568,-0.2092,0,-0.4136,0.7941,-0.4454,0,0.0071,0.492,0.8705,0,0,1.0234,0,1]},
{"frame":3,"values":[0.9105,0.3568,-0.2092,0,-0.4136,0.7941,-0.4454,0,0.0071,0.492,0.8705,0,0,1.0234,0,1]},
{"frame":4,"values":[0.9104,0.3568,-0.2092,0,-0.4136,0.7941,-0.4454,0,0.0071,0.492,0.8705,0,0,1.0234,0,1]},
{"frame":5,"values":[0.9105,0.3568,-0.2092,0,-0.4136,0.7941,-0.4454,0,0.0071,0.492,0.8705,0,0,1.0234,0,1]},
{"frame":13,"values":[0.9104,0.3568,-0.2092,0,-0.4136,0.7941,-0.4454,0,0.0071,0.492,0.8705,0,0,1.0234,0,1]},
{"frame":14,"values":[0.9105,0.3568,-0.2092,0,-0.4136,0.7941,-0.4454,0,0.0071,0.492,0.8705,0,0,1.0234,0,1]},
{"frame":17,"values":[0.9104,0.3568,-0.2092,0,-0.4136,0.7941,-0.4454,0,0.0071,0.492,0.8705,0,0,1.0234,0,1]},
{"frame":18,"values":[0.9105,0.3568,-0.2092,0,-0.4136,0.7941,-0.4454,0,0.0071,0.492,0.8705,0,0,1.0234,0,1]},
{"frame":20,"values":[0.9104,0.3568,-0.2092,0,-0.4136,0.7941,-0.4454,0,0.0071,0.492,0.8705,0,0,1.0234,0,1]},
{"frame":21,"values":[0.9105,0.3568,-0.2092,0,-0.4136,0.7941,-0.4454,0,0.0071,0.492,0.8705,0,0,1.0234,0,1]},
{"frame":22,"values":[0.9104,0.3568,-0.2092,0,-0.4136,0.7941,-0.4454,0,0.0071,0.492,0.8705,0,0,1.0234,0,1]},
